0.00035233633633633635 	 9.264085216924443e-12 	 6.426803746923705e-07
0.0004023843843843844 	 8.546390247678129e-12 	 3.6843943638431357e-07
0.0004524324324324324 	 1.4966663443974725e-11 	 2.2338143101319657e-07
0.0005024804804804805 	 2.053244238400861e-11 	 1.4210102607883296e-07
0.0005525285285285286 	 3.103838370042801e-11 	 9.284373743182197e-08
0.0006025765765765767 	 4.0617720002433055e-11 	 6.25310069230732e-08
0.0006526246246246247 	 5.926690289853616e-11 	 4.209876850143099e-08
0.0007026726726726728 	 7.72771861611098e-11 	 2.8853115943058254e-08
0.0007527207207207208 	 1.170121830939612e-10 	 1.9221594038450135e-08
0.0008027687687687688 	 1.5807317112519526e-10 	 1.2815613472344635e-08
0.0008528168168168169 	 2.672689811505382e-10 	 7.522492265125671e-09
0.0009028648648648649 	 3.8721405860978773e-10 	 4.1601765158963795e-09
0.000952912912912913 	 7.312913661293968e-10 	 1.3569516773851367e-09
0.001002960960960961 	 2.371530995586723e-09 	 6.633316594141005e-11
0.0010530090090090092 	 8.443164023249496e-08 	 1.507047070392002e-07
0.0011030570570570572 	 1.1895791473416441e-07 	 5.719461527772479e-07
0.0011531051051051051 	 1.2872083916450817e-07 	 1.1018399992079728e-06
0.0012031531531531533 	 1.2911228430902244e-07 	 1.5623702280450876e-06
0.0012532012012012013 	 7.595078401994879e-08 	 1.112661536208824e-06
0.0013032492492492493 	 2.574445933310559e-09 	 4.6006777228385257e-08
0.0013532972972972973 	 1.0217203263506953e-09 	 2.1068726803764642e-08
0.0014033453453453455 	 6.185820415643968e-10 	 1.377905747630006e-08
0.0014533933933933935 	 4.114860653577564e-10 	 9.84878719380353e-09
0.0015034414414414415 	 2.987102414738949e-10 	 7.476558155351545e-09
0.0015534894894894897 	 2.345111301946147e-10 	 6.01549060565213e-09
0.0016035375375375376 	 1.8520034104535258e-10 	 4.86390468634334e-09
0.0016535855855855856 	 1.5532035243141275e-10 	 4.067560560158086e-09
0.0017036336336336338 	 1.2712994616140702e-10 	 3.4132769939769033e-09
0.0017536816816816818 	 1.0999087151427011e-10 	 2.9260092948635046e-09
0.0018037297297297298 	 9.388369499347429e-11 	 2.5164768465129132e-09
0.001853777777777778 	 8.328137005493606e-11 	 2.191285644365505e-09
0.001903825825825826 	 7.328722960291592e-11 	 1.9138929398264986e-09
0.001953873873873874 	 6.596868850489221e-11 	 1.6871236351787209e-09
0.0020039219219219217 	 5.916926941289319e-11 	 1.4921415978629395e-09
0.00205396996996997 	 5.5255661706153634e-11 	 1.337638238697398e-09
0.002104018018018018 	 5.1512744634119087e-11 	 1.2019107289455362e-09
0.002154066066066066 	 4.792848346324486e-11 	 1.082335281956593e-09
0.002204114114114114 	 4.449193501785971e-11 	 9.76701809940643e-10
0.0022541621621621623 	 4.1193126484484716e-11 	 8.831414825866119e-10
0.00230421021021021 	 3.802295001032082e-11 	 8.000681921758533e-10
0.0023542582582582582 	 3.497307074558324e-11 	 7.261310293228777e-10
0.0024043063063063064 	 3.203584637074401e-11 	 6.601755219150801e-10
0.002454354354354354 	 2.920425646931945e-11 	 6.012118832696879e-10
0.0025044024024024024 	 2.659951386381899e-11 	 5.486602990847882e-10
0.00255445045045045 	 2.538713667621917e-11 	 5.040617871909242e-10
0.0026044984984984984 	 2.4219122681720474e-11 	 4.637922255735678e-10
0.0026545465465465466 	 2.3092952535200338e-11 	 4.2736324237394117e-10
0.0027045945945945943 	 2.2006293314858312e-11 	 3.9434910769212996e-10
0.0027546426426426425 	 2.0956981586587247e-11 	 3.6437775584601744e-10
0.0028046906906906907 	 1.9943008281581162e-11 	 3.371232255194744e-10
0.0028547387387387385 	 1.896250516465228e-11 	 3.122992737728871e-10
0.0029047867867867867 	 1.801373270141944e-11 	 2.8965396523910654e-10
0.002954834834834835 	 1.7095069158496618e-11 	 2.6896507414589945e-10
0.0030048828828828826 	 1.6242745289113184e-11 	 2.5014232443859127e-10
0.003054930930930931 	 1.576076198379962e-11 	 2.33809295424023e-10
0.003104978978978979 	 1.5294140016581312e-11 	 2.1877725871120798e-10
0.003155027027027027 	 1.484214815684942e-11 	 2.0492430764416834e-10
0.003205075075075075 	 1.4404100847104358e-11 	 1.9214162692040848e-10
0.003255123123123123 	 1.397935469179798e-11 	 1.8033191248298867e-10
0.003305171171171171 	 1.3567305265179465e-11 	 1.6940800257250487e-10
0.003355219219219219 	 1.3167384204831225e-11 	 1.5929168906512474e-10
0.0034052672672672674 	 1.2779056561515281e-11 	 1.4991268311445125e-10
0.003455315315315315 	 1.2401818379326044e-11 	 1.4120771317293316e-10
0.0035053633633633633 	 1.2035194483144366e-11 	 1.3311973684569788e-10
0.0035554114114114115 	 1.1678736452961292e-11 	 1.2559725084689937e-10
0.0036054594594594593 	 1.133202076691459e-11 	 1.18593685685856e-10
0.0036555075075075075 	 1.0994647096868814e-11 	 1.1206687368736162e-10
0.0037055555555555557 	 1.066623674211707e-11 	 1.0597858061315448e-10
0.0037556036036036035 	 1.0346431188319875e-11 	 1.0029409255307523e-10
0.0038056516516516516 	 1.0034890780152191e-11 	 9.498185093876402e-11
0.0038556996996997 	 9.731293497326976e-12 	 9.001312953583925e-11
0.0039057477477477476 	 9.43533382472248e-12 	 8.536174812199984e-11
0.003955795795795796 	 9.146721708279317e-12 	 8.100381828292879e-11
0.004005843843843844 	 8.865181589166145e-12 	 7.691751737550612e-11
0.004055891891891893 	 8.590451509453369e-12 	 7.308288723552466e-11
0.00410593993993994 	 8.322282283193455e-12 	 6.948165465884798e-11
0.004155987987987988 	 8.060436727394289e-12 	 6.609707107245817e-11
0.004206036036036037 	 7.804688947897765e-12 	 6.291376914489271e-11
0.004256084084084085 	 7.554823675639216e-12 	 5.991763437229129e-11
0.004306132132132132 	 7.310635649200721e-12 	 5.7095689923801125e-11
0.004356180180180181 	 7.071929039919591e-12 	 5.4435993243642245e-11
0.004406228228228229 	 6.838516916180063e-12 	 5.1927543092446874e-11
0.0044562762762762765 	 6.610220743803176e-12 	 4.9560195870840625e-11
0.004506324324324325 	 6.386869919729241e-12 	 4.732459020769392e-11
0.004556372372372373 	 6.1683013364330075e-12 	 4.521207891675776e-11
0.004606420420420421 	 5.9543589747341845e-12 	 4.32146675310964e-11
0.004656468468468469 	 5.7448935228670035e-12 	 4.1324958716983616e-11
0.004706516516516517 	 5.539762019854118e-12 	 3.9536101949564735e-11
0.004756564564564565 	 5.338827521394814e-12 	 3.784174790317962e-11
0.0048066126126126135 	 5.141958786626502e-12 	 3.62360070711263e-11
0.004856660660660661 	 4.949029984253836e-12 	 3.4713412183977764e-11
0.004906708708708709 	 4.759920416662525e-12 	 3.326888404332695e-11
0.004956756756756757 	 4.574514260746876e-12 	 3.189770042988752e-11
0.005006804804804805 	 4.407529974148376e-12 	 3.059991739338901e-11
0.005056852852852853 	 4.337105273500002e-12 	 2.939380537500874e-11
0.005106900900900901 	 4.2680545241607525e-12 	 2.8246295591657602e-11
0.0051569489489489495 	 4.200337721528202e-12 	 2.7154011084083116e-11
0.005206996996996997 	 4.133916399046621e-12 	 2.6113799498427336e-11
0.005257045045045045 	 4.068753554994528e-12 	 2.512271618658798e-11
0.005307093093093094 	 4.004813583414757e-12 	 2.417800872304226e-11
0.0053571411411411415 	 3.942062208916197e-12 	 2.3277102707483384e-11
0.005407189189189189 	 3.8804664250962824e-12 	 2.2417588735749637e-11
0.005457237237237238 	 3.819994436351841e-12 	 2.1597210433232744e-11
0.005507285285285286 	 3.7606156028627534e-12 	 2.081385345539517e-11
0.005557333333333333 	 3.7023003885483895e-12 	 2.0065535369357404e-11
0.005607381381381382 	 3.645020311811082e-12 	 1.9350396338859306e-11
0.00565742942942943 	 3.5887478988941056e-12 	 1.8666690542368816e-11
0.0057074774774774776 	 3.533456639693597e-12 	 1.801277826080259e-11
0.005757525525525526 	 3.479120945875168e-12 	 1.7387118577327763e-11
0.005807573573573574 	 3.4257161111561448e-12 	 1.6788262637101693e-11
0.005857621621621622 	 3.3732182736239203e-12 	 1.621484741965134e-11
0.00590766966966967 	 3.3216043799696615e-12 	 1.5665589980950008e-11
0.005957717717717718 	 3.2708521515247907e-12 	 1.5139282126172926e-11
0.006007765765765766 	 3.2209400519950258e-12 	 1.4634785477646858e-11
0.0060578138138138145 	 3.1718472567939006e-12 	 1.415102690569931e-11
0.006107861861861862 	 3.1235536238839654e-12 	 1.3686994292990347e-11
0.00615790990990991 	 3.076039666039885e-12 	 1.3241732605511646e-11
0.006207957957957959 	 3.0292865244532505e-12 	 1.2814340245789674e-11
0.0062580060060060064 	 2.983275943603919e-12 	 1.240396566595872e-11
0.006308054054054054 	 2.9379902473276075e-12 	 1.2009804220298045e-11
0.006358102102102103 	 2.89341231601377e-12 	 1.1631095238575584e-11
0.006408150150150151 	 2.84952556487201e-12 	 1.1267119303127172e-11
0.006458198198198198 	 2.8063139232090286e-12 	 1.0917195714039978e-11
0.006508246246246247 	 2.763761814661749e-12 	 1.0580680128118127e-11
0.006558294294294295 	 2.7218541383354816e-12 	 1.025696235849799e-11
0.0066083423423423425 	 2.6805762507992347e-12 	 9.945464322864237e-12
0.006658390390390391 	 2.6399139488929747e-12 	 9.645638129203902e-12
0.006708438438438439 	 2.5998534533045187e-12 	 9.356964288934505e-12
0.006758486486486487 	 2.5603813928760993e-12 	 9.07895004806237e-12
0.006808534534534535 	 2.5214847896031005e-12 	 8.811127827775566e-12
0.006858582582582583 	 2.483151044289589e-12 	 8.553053766558995e-12
0.006908630630630631 	 2.4453679228273266e-12 	 8.304306356544064e-12
0.0069586786786786795 	 2.408123543066903e-12 	 8.06448516737631e-12
0.007008726726726727 	 2.3725078527549096e-12 	 7.833799484098947e-12
0.007058774774774775 	 2.3425738868061752e-12 	 7.61397871531043e-12
0.007108822822822824 	 2.313061407394231e-12 	 7.401814507322207e-12
0.007158870870870871 	 2.2839615746145278e-12 	 7.196989055731118e-12
0.007208918918918919 	 2.2552657940472843e-12 	 6.999199840016207e-12
0.007258966966966968 	 2.2269657082948457e-12 	 6.808158789241504e-12
0.007309015015015016 	 2.199053188866703e-12 	 6.6235914986452455e-12
0.007359063063063063 	 2.1715203283956445e-12 	 6.445236493690129e-12
0.007409111111111112 	 2.144359433169399e-12 	 6.272844538401404e-12
0.00745915915915916 	 2.1175630159629317e-12 	 6.1061779850510734e-12
0.0075092072072072075 	 2.091123789157359e-12 	 5.945010162460163e-12
0.007559255255255256 	 2.0650346581322303e-12 	 5.789124800387793e-12
0.007609303303303304 	 2.039288714918562e-12 	 5.638315487656907e-12
0.007659351351351352 	 2.0138792321007077e-12 	 5.492385161833959e-12
0.0077093993993994 	 1.9887996569557565e-12 	 5.351145628434081e-12
0.007759447447447448 	 1.964043605819744e-12 	 5.214417107765832e-12
0.007809495495495496 	 1.939604858670471e-12 	 5.082027807661264e-12
0.007859543543543544 	 1.9154773539178617e-12 	 4.953813520460224e-12
0.007909591591591592 	 1.891655183389394e-12 	 4.829617242720338e-12
0.00795963963963964 	 1.868132587510082e-12 	 4.709288816258116e-12
0.008009687687687688 	 1.844903950657827e-12 	 4.592684589173262e-12
0.008059735735735736 	 1.8219637966944673e-12 	 4.479667095647412e-12
0.008109783783783785 	 1.7993067846617871e-12 	 4.370104753361302e-12
0.008159831831831832 	 1.7769277046359023e-12 	 4.263871577460988e-12
0.00820987987987988 	 1.7548214737332868e-12 	 4.160846910073576e-12
0.00825992792792793 	 1.732983132262003e-12 	 4.060915164438893e-12
0.008309975975975976 	 1.7114078400119937e-12 	 3.963965582784696e-12
0.008360024024024025 	 1.6900908726786402e-12 	 3.869892007130189e-12
0.008410072072072073 	 1.6690276184140248e-12 	 3.7785926622553156e-12
0.00846012012012012 	 1.6482135745005802e-12 	 3.689969950122455e-12
0.008510168168168169 	 1.6276443441421438e-12 	 3.6039302550831066e-12
0.008560216216216218 	 1.607315633367548e-12 	 3.5203837592444123e-12
0.008610264264264264 	 1.587223248042234e-12 	 3.4392442674102486e-12
0.008660312312312313 	 1.5673630909834499e-12 	 3.360429041048252e-12
0.008710360360360362 	 1.5477311591749286e-12 	 3.2838586407687497e-12
0.008760408408408409 	 1.528323541077029e-12 	 3.2094567768334427e-12
0.008810456456456457 	 1.5091364140285582e-12 	 3.1371501672416007e-12
0.008860504504504506 	 1.490166041736647e-12 	 3.0668684029693935e-12
0.008910552552552553 	 1.4714087718512207e-12 	 2.998543819963998e-12
0.008960600600600601 	 1.4528610336207436e-12 	 2.932111377518335e-12
0.00901064864864865 	 1.4345193356261062e-12 	 2.867508542675041e-12
0.009060696696696697 	 1.4163802635896002e-12 	 2.8046751803293552e-12
0.009110744744744746 	 1.3984404782561134e-12 	 2.74355344872048e-12
0.009160792792792794 	 1.3806967133437833e-12 	 2.684087700019453e-12
0.009210840840840841 	 1.3631457735614575e-12 	 2.6262243857388265e-12
0.00926088888888889 	 1.3457845326904352e-12 	 2.5699119667057124e-12
0.009310936936936938 	 1.3286099317280883e-12 	 2.515100827354919e-12
0.009360984984984985 	 1.31161897709102e-12 	 2.4617431941130075e-12
0.009411033033033034 	 1.2948087388755588e-12 	 2.409793057657448e-12
0.009461081081081082 	 1.2781763491734689e-12 	 2.3592060988476e-12
0.00951112912912913 	 1.2617190004408378e-12 	 2.309939618135733e-12
0.009561177177177178 	 1.2454339439181805e-12 	 2.2619524682774e-12
0.009611225225225227 	 1.2293184880999186e-12 	 2.2152049901707196e-12
0.009661273273273274 	 1.2133699972514274e-12 	 2.1696589516637163e-12
0.009711321321321322 	 1.1975858899719333e-12 	 2.1252774891779393e-12
0.009761369369369369 	 1.1819636378016225e-12 	 2.0820250520051033e-12
0.009811417417417418 	 1.1665007638713846e-12 	 2.03986734914142e-12
0.009861465465465466 	 1.151194841593668e-12 	 1.9987712985318262e-12
0.009911513513513513 	 1.1360434933930014e-12 	 1.958704978603348e-12
0.009961561561561562 	 1.1210443894747753e-12 	 1.9196375819734277e-12
0.01001160960960961 	 1.1076995408468828e-12 	 1.8815205244532325e-12
0.010061657657657657 	 1.0994432267372916e-12 	 1.8442835206949315e-12
0.010111705705705706 	 1.091268576211289e-12 	 1.8079623932478291e-12
0.010161753753753755 	 1.0831743826532051e-12 	 1.7725302538256662e-12
0.010211801801801802 	 1.0751594631018691e-12 	 1.7379611303824193e-12
0.01026184984984985 	 1.067222657673779e-12 	 1.7042299316088119e-12
0.010311897897897899 	 1.059362829003077e-12 	 1.6713124129689258e-12
0.010361945945945946 	 1.0515788616977459e-12 	 1.6391851442029917e-12
0.010411993993993994 	 1.0438696618114924e-12 	 1.6078254782263938e-12
0.010462042042042043 	 1.0362341563307958e-12 	 1.5772115213585867e-12
0.01051209009009009 	 1.0286712926765963e-12 	 1.5473221048189886e-12
0.010562138138138139 	 1.0211800382201628e-12 	 1.5181367574302651e-12
0.010612186186186187 	 1.0137593798126535e-12 	 1.4896356794724368e-12
0.010662234234234234 	 1.006408323327926e-12 	 1.461799717634154e-12
0.010712282282282283 	 9.991258932181647e-13 	 1.4346103410102264e-12
0.010762330330330331 	 9.919111320819092e-13 	 1.4080496180970809e-12
0.010812378378378378 	 9.84763100244077e-13 	 1.3821001947402605e-12
0.010862426426426427 	 9.776808753475946e-13 	 1.3567452729903933e-12
0.010912474474474475 	 9.706635519562697e-13 	 1.331968590826231e-12
0.010962522522522522 	 9.6371024116854e-13 	 1.3077544027054542e-12
0.011012570570570571 	 9.568200702417556e-13 	 1.2840874609058392e-12
0.01106261861861862 	 9.499921822266559e-13 	 1.2609529976212878e-12
0.011112666666666667 	 9.432257356117318e-13 	 1.2383367077789449e-12
0.011162714714714715 	 9.365199039771434e-13 	 1.2162247325452365e-12
0.011212762762762764 	 9.29873875657916e-13 	 1.1946036434903587e-12
0.01126281081081081 	 9.232868534161152e-13 	 1.1734604273820542e-12
0.01131285885885886 	 9.167580541217123e-13 	 1.1527824715810675e-12
0.011362906906906908 	 9.102867084419027e-13 	 1.1325575500119485e-12
0.011412954954954955 	 9.038720605385798e-13 	 1.1127738096840903e-12
0.011463003003003003 	 8.975133677737492e-13 	 1.0934197577391675e-12
0.011513051051051052 	 8.912099004226139e-13 	 1.074484249002219e-12
0.011563099099099099 	 8.849609413941176e-13 	 1.0559564740147086e-12
0.011613147147147148 	 8.78765785958716e-13 	 1.0378259475289263e-12
0.011663195195195196 	 8.726237414831495e-13 	 1.020082497444053e-12
0.011713243243243243 	 8.665341271720237e-13 	 1.0027162541651295e-12
0.011763291291291292 	 8.604962738159773e-13 	 9.85717640367043e-13
0.01181333933933934 	 8.545095235462631e-13 	 9.690773611464943e-13
0.011863387387387387 	 8.485732295955315e-13 	 9.527863945456548e-13
0.011913435435435436 	 8.426867560646459e-13 	 9.368359824319924e-13
0.011963483483483485 	 8.368494776953556e-13 	 9.212176217194817e-13
0.012013531531531531 	 8.310607796486439e-13 	 9.059230559170268e-13
0.01206357957957958 	 8.25320057288602e-13 	 8.909442669906228e-13
0.012113627627627629 	 8.196267159716501e-13 	 8.762734675263667e-13
0.012163675675675676 	 8.139801708409726e-13 	 8.619030931820017e-13
0.012213723723723724 	 8.083798466259988e-13 	 8.47825795415255e-13
0.012263771771771773 	 8.028251774467992e-13 	 8.340344344777284e-13
0.01231381981981982 	 7.973156066232505e-13 	 8.205220726636139e-13
0.012363867867867868 	 7.918505864888334e-13 	 8.072819678029791e-13
0.012413915915915917 	 7.864295782089358e-13 	 7.943075669898146e-13
0.012463963963963964 	 7.810520516035343e-13 	 7.81592500535481e-13
0.012514012012012013 	 7.757174849741295e-13 	 7.691305761385746e-13
0.012564060060060061 	 7.704253649348209e-13 	 7.569157732626633e-13
0.012614108108108108 	 7.651751862473966e-13 	 7.449422377136603e-13
0.012664156156156157 	 7.599664516603389e-13 	 7.332042764090208e-13
0.012714204204204205 	 7.547986717516322e-13 	 7.216963523312394e-13
0.012764252252252252 	 7.496713647752642e-13 	 7.104130796584511e-13
0.012814300300300301 	 7.445840565113312e-13 	 6.993492190652799e-13
0.01286434834834835 	 7.395362801196353e-13 	 6.8849967318733e-13
0.012914396396396396 	 7.345275759966898e-13 	 6.778594822430179e-13
0.012964444444444445 	 7.295574916360369e-13 	 6.674238198067091e-13
0.013014492492492494 	 7.24625581491786e-13 	 6.571879887273639e-13
0.01306454054054054 	 7.197314068452925e-13 	 6.471474171871568e-13
0.01311458858858859 	 7.148745356748816e-13 	 6.372976548947479e-13
0.013164636636636638 	 7.100545425285554e-13 	 6.276343694081222e-13
0.013214684684684685 	 7.052710083995814e-13 	 6.181533425821125e-13
0.013264732732732733 	 7.005235206049024e-13 	 6.08850467135923e-13
0.013314780780780782 	 6.958116726662899e-13 	 5.997217433361764e-13
0.013364828828828829 	 6.911350641941666e-13 	 5.907632757911692e-13
0.013414876876876878 	 6.864933007740263e-13 	 5.819712703522177e-13
0.013464924924924926 	 6.818859938553927e-13 	 5.733420311181282e-13
0.013514972972972973 	 6.7731276064324e-13 	 5.648719575390007e-13
0.013565021021021022 	 6.727732239918209e-13 	 5.565575416157059e-13
0.01361506906906907 	 6.682670123008338e-13 	 5.483953651915546e-13
0.013665117117117117 	 6.637937594142217e-13 	 5.403820973330694e-13
0.013715165165165166 	 6.593531045194507e-13 	 5.325144917949366e-13
0.013765213213213215 	 6.549446920524449e-13 	 5.247893845703092e-13
0.013815261261261261 	 6.505681716011397e-13 	 5.17203691517787e-13
0.01386530930930931 	 6.462231978128426e-13 	 5.097544060664929e-13
0.013915357357357359 	 6.419094303032502e-13 	 5.024385969948028e-13
0.013965405405405406 	 6.376265335674216e-13 	 4.952534062803589e-13
0.014015453453453454 	 6.333741768926607e-13 	 4.881960470188499e-13
0.014065501501501503 	 6.291520342732547e-13 	 4.812638014091115e-13
0.01411554954954955 	 6.24959784327031e-13 	 4.744540188022175e-13
0.014165597597597598 	 6.20797110213679e-13 	 4.677641138123017e-13
0.014215645645645647 	 6.166636995548002e-13 	 4.611915644869556e-13
0.014265693693693694 	 6.125592443556394e-13 	 4.54733910535121e-13
0.014315741741741743 	 6.084834409284587e-13 	 4.4838875161047204e-13
0.014365789789789791 	 6.04435989817513e-13 	 4.42153745648369e-13
0.014415837837837838 	 6.004165957255872e-13 	 4.3602660725452924e-13
0.014465885885885887 	 5.96424967442059e-13 	 4.300051061436342e-13
0.014515933933933935 	 5.924608177724521e-13 	 4.2408706562616593e-13
0.014565981981981982 	 5.885238634694383e-13 	 4.1827036114181245e-13
0.014616030030030031 	 5.846138251652583e-13 	 4.1255291883786225e-13
0.01466607807807808 	 5.80730427305527e-13 	 4.0693271419106193e-13
0.014716126126126126 	 5.768733980843893e-13 	 4.014077706714583e-13
0.014766174174174175 	 5.730424693809939e-13 	 3.9597615844681475e-13
0.014816222222222224 	 5.692373766972544e-13 	 3.9063599312623604e-13
0.01486627027027027 	 5.654578590968705e-13 	 3.853854345416866e-13
0.01491631831831832 	 5.617036591455711e-13 	 3.8022268556613564e-13
0.014966366366366368 	 5.579745228525628e-13 	 3.7514599096711626e-13
0.015016414414414415 	 5.542701996131441e-13 	 3.70153636294514e-13
0.015066462462462463 	 5.50590442152467e-13 	 3.6524394680146304e-13
0.015116510510510512 	 5.469350064704139e-13 	 3.6041528639725036e-13
0.015166558558558559 	 5.433036517875652e-13 	 3.5566605663118035e-13
0.015216606606606608 	 5.39696140492236e-13 	 3.509946957063897e-13
0.015266654654654656 	 5.361122380885501e-13 	 3.463996775226244e-13
0.015316702702702703 	 5.325517131455402e-13 	 3.418795107470534e-13
0.015366750750750752 	 5.290143372472293e-13 	 3.3743273791218815e-13
0.0154167987987988 	 5.254998849437e-13 	 3.3305793454005536e-13
0.015466846846846847 	 5.220081337031013e-13 	 3.2875370829175833e-13
0.015516894894894896 	 5.185388638645916e-13 	 3.2451869814162235e-13
0.015566942942942944 	 5.150918585921857e-13 	 3.203515735751338e-13
0.015616990990990991 	 5.116669038294907e-13 	 3.162510338099122e-13
0.015667039039039037 	 5.082637882553108e-13 	 3.122158070389876e-13
0.015717087087087085 	 5.048823032400943e-13 	 3.082446496956675e-13
0.015767135135135134 	 5.015222428032206e-13 	 3.043363457393258e-13
0.015817183183183182 	 4.981834035710879e-13 	 3.0048970596143387e-13
0.01586723123123123 	 4.948655847359985e-13 	 2.9670356731121755e-13
0.01591727927927928 	 4.915685880158218e-13 	 2.9297679224031526e-13
0.015967327327327325 	 4.882922176144107e-13 	 2.8930826806584476e-13
0.016017375375375374 	 4.850362801827646e-13 	 2.856969063513086e-13
0.016067423423423422 	 4.818005847809165e-13 	 2.821416423047856e-13
0.01611747147147147 	 4.785849428405304e-13 	 2.786414341938694e-13
0.01616751951951952 	 4.753891681281921e-13 	 2.751952627768399e-13
0.016217567567567568 	 4.722130767093826e-13 	 2.7180213074957394e-13
0.016267615615615613 	 4.690564869131137e-13 	 2.684610622077029e-13
0.016317663663663662 	 4.65919219297215e-13 	 2.6517110212355994e-13
0.01636771171171171 	 4.628010966142602e-13 	 2.619313158374637e-13
0.01641775975975976 	 4.597019437781134e-13 	 2.587407885629027e-13
0.016467807807807808 	 4.566215878310866e-13 	 2.5559862490519867e-13
0.016517855855855856 	 4.5355985791169504e-13 	 2.5250394839324593e-13
0.0165679039039039 	 4.5051658522299587e-13 	 2.494559010239302e-13
0.01661795195195195 	 4.4749160300149883e-13 	 2.4645364281884505e-13
0.016668 	 4.4448474648663967e-13 	 2.434963513929458e-13
0.016718048048048047 	 4.414958528907975e-13 	 2.40583221534774e-13
0.016768096096096096 	 4.3852476136985243e-13 	 2.377134647979178e-13
0.016818144144144145 	 4.3557131299426847e-13 	 2.348863091033706e-13
0.01686819219219219 	 4.3263535072068864e-13 	 2.321009983524659e-13
0.01691824024024024 	 4.2971671936403795e-13 	 2.2935679205007953e-13
0.016968288288288287 	 4.2681526557011895e-13 	 2.2665296493779574e-13
0.017018336336336336 	 4.239308377886874e-13 	 2.2398880663674281e-13
0.017068384384384384 	 4.2106328624700767e-13 	 2.2136362129982207e-13
0.017118432432432433 	 4.182124629238663e-13 	 2.1877672727304952e-13
0.017168480480480478 	 4.1537822152404427e-13 	 2.1622745676575186e-13
0.017218528528528527 	 4.1256041745323117e-13 	 2.137151555293553e-13
0.017268576576576575 	 4.097589077933793e-13 	 2.112391825445241e-13
0.017318624624624624 	 4.0697355127848106e-13 	 2.0879890971640247e-13
0.017368672672672673 	 4.0420420827076845e-13 	 2.0639372157773383e-13
0.01741872072072072 	 4.014507407373205e-13 	 2.0402301499962651e-13
0.017468768768768766 	 3.987130122270743e-13 	 2.0168619890975043e-13
0.017518816816816815 	 3.9599088784823044e-13 	 1.9938269401775357e-13
0.017568864864864864 	 3.93284234246041e-13 	 1.9711193254769124e-13
0.017618912912912912 	 3.90592919580983e-13 	 1.9487335797727197e-13
0.01766896096096096 	 3.879168135072953e-13 	 1.9266642478372527e-13
0.01771900900900901 	 3.8525578715188435e-13 	 1.9049059819610816e-13
0.017769057057057055 	 3.826097130935842e-13 	 1.8834535395386612e-13
0.017819105105105103 	 3.7997846534276625e-13 	 1.862301780714762e-13
0.017869153153153152 	 3.7736191932129374e-13 	 1.8414456660900176e-13
0.0179192012012012 	 3.7475995184280713e-13 	 1.8208802544839311e-13
0.01796924924924925 	 3.72172441093345e-13 	 1.8006007007537675e-13
0.018019297297297298 	 3.695992666122846e-13 	 1.780602253667778e-13
0.018069345345345343 	 3.670403092735982e-13 	 1.7608802538312347e-13
0.018119393393393392 	 3.6449545126742256e-13 	 1.74143013166386e-13
0.01816944144144144 	 3.619645760819324e-13 	 1.7222474054272184e-13
0.01821948948948949 	 3.594475684855109e-13 	 1.703327679300696e-13
0.018269537537537538 	 3.569443145092158e-13 	 1.684666641504766e-13
0.018319585585585586 	 3.5445470142953027e-13 	 1.666260062470225e-13
0.01836963363363363 	 3.519786177513988e-13 	 1.6481037930521785e-13
0.01841968168168168 	 3.495159531915363e-13 	 1.6301937627875371e-13
0.01846972972972973 	 3.470665986620108e-13 	 1.612525978194881e-13
0.018519777777777777 	 3.446304462540929e-13 	 1.5950965211155218e-13
0.018569825825825826 	 3.422073892223627e-13 	 1.5779015470946594e-13
0.018619873873873875 	 3.397973219690793e-13 	 1.5609372838015945e-13
0.01866992192192192 	 3.374001400287941e-13 	 1.5442000294879002e-13
0.01871996996996997 	 3.35015740053217e-13 	 1.5276861514825727e-13
0.018770018018018017 	 3.326440197963226e-13 	 1.511392084723196e-13
0.018820066066066066 	 3.302848780996932e-13 	 1.4953143303221065e-13
0.018870114114114114 	 3.2793821487809685e-13 	 1.4794494541667134e-13
0.018920162162162163 	 3.2560393110529115e-13 	 1.4637940855529856e-13
0.018970210210210208 	 3.2328192880005674e-13 	 1.4483449158513204e-13
0.019020258258258257 	 3.20972111012446e-13 	 1.433098697203865e-13
0.019070306306306305 	 3.186743818102524e-13 	 1.418052241252546e-13
0.019120354354354354 	 3.163886462656896e-13 	 1.4032024178969263e-13
0.019170402402402403 	 3.1411481044228106e-13 	 1.3885461540811838e-13
0.01922045045045045 	 3.118527813819531e-13 	 1.374080432609409e-13
0.019270498498498496 	 3.0960246709233e-13 	 1.3598022909885086e-13
0.019320546546546545 	 3.0736377653422573e-13 	 1.3457088202979954e-13
0.019370594594594594 	 3.051366196093314e-13 	 1.3317971640859894e-13
0.019420642642642642 	 3.0292090714809076e-13 	 1.318064517290729e-13
0.01947069069069069 	 3.007165508977628e-13 	 1.3045081251869462e-13
0.019520738738738736 	 2.98523463510672e-13 	 1.2911252823565026e-13
0.019570786786786785 	 2.963415585326319e-13 	 1.2779133316826147e-13
0.019620834834834833 	 2.94170750391553e-13 	 1.2648696633671146e-13
0.019670882882882882 	 2.920109543864794e-13 	 1.2519917139712512e-13
0.01972093093093093 	 2.8986208667549655e-13 	 1.2392769654727658e-13
0.01977097897897898 	 2.877240642664153e-13 	 1.226722944355491e-13
0.019821027027027024 	 2.855968050050072e-13 	 1.214327220708495e-13
0.019871075075075073 	 2.834802275647103e-13 	 1.2020874073511062e-13
0.01992112312312312 	 2.8137425143623396e-13 	 1.190001158976566e-13
0.01997117117117117 	 2.792787969173166e-13 	 1.178066171314927e-13
0.02002121921921922 	 2.7748708065671717e-13 	 1.166301633909406e-13
0.020071267267267268 	 2.761017733422471e-13 	 1.154712299092165e-13
0.020121315315315313 	 2.7472335741890903e-13 	 1.1432665588200996e-13
0.02017136336336336 	 2.733517815911105e-13 	 1.1319622833703778e-13
0.02022141141141141 	 2.7198699507108687e-13 	 1.120797379780732e-13
0.02027145945945946 	 2.706289475726312e-13 	 1.1097697911260827e-13
0.020321507507507507 	 2.6927758930491815e-13 	 1.0988774958111384e-13
0.020371555555555556 	 2.679328709664196e-13 	 1.08811850687858e-13
0.0204216036036036 	 2.665947437389081e-13 	 1.0774908713324507e-13
0.02047165165165165 	 2.6526315928154937e-13 	 1.0669926694763704e-13
0.0205216996996997 	 2.639380697250814e-13 	 1.0566220142662317e-13
0.020571747747747747 	 2.6261942766607715e-13 	 1.0463770506770118e-13
0.020621795795795796 	 2.613071861612933e-13 	 1.0362559550833688e-13
0.020671843843843844 	 2.600012987220979e-13 	 1.0262569346536798e-13
0.02072189189189189 	 2.5870171930898116e-13 	 1.0163782267572063e-13
0.020771939939939938 	 2.574084023261457e-13 	 1.0066180983840713e-13
0.020821987987987987 	 2.56121302616172e-13 	 9.969748455777333e-14
0.020872036036036035 	 2.5484037545476477e-13 	 9.874467928796663e-14
0.020922084084084084 	 2.535655765455708e-13 	 9.780322927859531e-14
0.020972132132132133 	 2.522968620150739e-13 	 9.687297252155076e-14
0.021022180180180178 	 2.510341884075606e-13 	 9.595374969896464e-14
0.021072228228228226 	 2.497775126801597e-13 	 9.504540413227528e-14
0.021122276276276275 	 2.485267921979502e-13 	 9.414778173237599e-14
0.021172324324324324 	 2.472819847291408e-13 	 9.326073095082001e-14
0.021222372372372372 	 2.4604304844031483e-13 	 9.238410273205738e-14
0.02127242042042042 	 2.448099418917453e-13 	 9.15177504666803e-14
0.021322468468468466 	 2.4358262403277485e-13 	 9.066152994565216e-14
0.021372516516516515 	 2.4236105419725815e-13 	 8.981529931549712e-14
0.021422564564564563 	 2.4114519209907325e-13 	 8.897891903443051e-14
0.021472612612612612 	 2.3993499782769045e-13 	 8.815225182940418e-14
0.02152266066066066 	 2.387304318438067e-13 	 8.733516265404905e-14
0.02157270870870871 	 2.3753145497503915e-13 	 8.652751864749215e-14
0.021622756756756754 	 2.363380284116781e-13 	 8.572918909402858e-14
0.021672804804804803 	 2.351501137025006e-13 	 8.494004538362904e-14
0.02172285285285285 	 2.3396767275064e-13 	 8.415996097326312e-14
0.0217729009009009 	 2.327906678095132e-13 	 8.338881134902015e-14
0.02182294894894895 	 2.3161906147880493e-13 	 8.262647398900919e-14
0.021872996996996998 	 2.3045281670050484e-13 	 8.187282832702006e-14
0.021923045045045043 	 2.2929189675500207e-13 	 8.112775571692932e-14
0.02197309309309309 	 2.281362652572289e-13 	 8.039113939783172e-14
0.02202314114114114 	 2.269858861528621e-13 	 7.966286445988458e-14
0.02207318918918919 	 2.2584072371457172e-13 	 7.894281781084513e-14
0.022123237237237237 	 2.247007425383231e-13 	 7.823088814328737e-14
0.022173285285285286 	 2.2356590753972736e-13 	 7.752696590248263e-14
0.02222333333333333 	 2.2243618395044352e-13 	 7.683094325492915e-14
0.02227338138138138 	 2.2131153731462622e-13 	 7.614271405751555e-14
0.02232342942942943 	 2.201919334854243e-13 	 7.546217382730473e-14
0.022373477477477477 	 2.190773386215231e-13 	 7.478921971192375e-14
0.022423525525525526 	 2.1796771918373597e-13 	 7.412375046054678e-14
0.022473573573573574 	 2.168630419316402e-13 	 7.346566639545781e-14
0.02252362162162162 	 2.1576327392025635e-13 	 7.281486938417948e-14
0.022573669669669668 	 2.1466838249677473e-13 	 7.217126281215706e-14
0.022623717717717717 	 2.1357833529732267e-13 	 7.153475155598392e-14
0.022673765765765765 	 2.1249310024377628e-13 	 7.090524195715725e-14
0.022723813813813814 	 2.1141264554061322e-13 	 7.028264179635245e-14
0.022773861861861863 	 2.1033693967180785e-13 	 6.966686026820447e-14
0.022823909909909908 	 2.0926595139776642e-13 	 6.90578079565851e-14
0.022873957957957956 	 2.0819964975230332e-13 	 6.845539681036592e-14
0.022924006006006005 	 2.0713800403965652e-13 	 6.785954011965554e-14
0.022974054054054054 	 2.0608098383154166e-13 	 6.727015249250145e-14
0.023024102102102102 	 2.0502855896424514e-13 	 6.668714983204568e-14
0.02307415015015015 	 2.0398069953575519e-13 	 6.611044931412592e-14
0.023124198198198196 	 2.029373759029294e-13 	 6.553996936531047e-14
0.023174246246246245 	 2.0189855867869917e-13 	 6.49756296413595e-14
0.023224294294294293 	 2.0086421872931135e-13 	 6.441735100610207e-14
0.023274342342342342 	 1.9983432717160403e-13 	 6.386505551072156e-14
0.02332439039039039 	 1.9880885537031804e-13 	 6.331866637343855e-14
0.02337443843843844 	 1.9778777493544317e-13 	 6.277810795958523e-14
0.023424486486486484 	 1.9677105771959845e-13 	 6.224330576206085e-14
0.023474534534534533 	 1.95758675815445e-13 	 6.171418638216141e-14
0.02352458258258258 	 1.9475060155313308e-13 	 6.119067751077504e-14
0.02357463063063063 	 1.9374680749778136e-13 	 6.06727079099359e-14
0.02362467867867868 	 1.9274726644698748e-13 	 6.016020739472805e-14
0.023674726726726728 	 1.9175195142837144e-13 	 5.965310681553312e-14
0.023724774774774773 	 1.9076083569714914e-13 	 5.915133804061354e-14
0.02377482282282282 	 1.8977389273373623e-13 	 5.86548339390249e-14
0.02382487087087087 	 1.8879109624138384e-13 	 5.816352836385023e-14
0.02387491891891892 	 1.87812420143842e-13 	 5.76773561357498e-14
0.023924966966966967 	 1.8683783858305425e-13 	 5.719625302681953e-14
0.023975015015015016 	 1.858673259168795e-13 	 5.6720155744751496e-14
0.02402506306306306 	 1.8490085671684356e-13 	 5.624900191729102e-14
0.02407511111111111 	 1.8393840576591747e-13 	 5.5782730076982775e-14
0.024125159159159158 	 1.829799480563259e-13 	 5.5321279646202007e-14
0.024175207207207207 	 1.820254587873794e-13 	 5.486459092246272e-14
0.024225255255255256 	 1.8107491336333615e-13 	 5.4412605063998546e-14
0.024275303303303304 	 1.8012828739128902e-13 	 5.396526407561051e-14
0.02432535135135135 	 1.7918555667907922e-13 	 5.352251079477606e-14
0.024375399399399398 	 1.78246697233235e-13 	 5.308428887801348e-14
0.024425447447447447 	 1.7731168525693636e-13 	 5.2650542787497695e-14
0.024475495495495495 	 1.763804971480046e-13 	 5.222121777792115e-14
0.024525543543543544 	 1.7545310949691615e-13 	 5.17962598835955e-14
0.024575591591591592 	 1.745294990848405e-13 	 5.137561590578861e-14
0.024625639639639638 	 1.736096428817033e-13 	 5.095923340029318e-14
0.024675687687687686 	 1.7269351804427103e-13 	 5.054706066522073e-14
0.024725735735735735 	 1.7178110191426126e-13 	 5.013904672901809e-14
0.024775783783783784 	 1.7087237201647355e-13 	 4.973514133870052e-14
0.024825831831831832 	 1.6996730605694498e-13 	 4.9335294948297876e-14
0.02487587987987988 	 1.6906588192112595e-13 	 4.893945870750946e-14
0.024925927927927926 	 1.6816807767207982e-13 	 4.854758445056296e-14
0.024975975975975975 	 1.672738715487029e-13 	 4.815962468527412e-14
0.025026024024024023 	 1.6638324196396658e-13 	 4.777553258230243e-14
0.025076072072072072 	 1.6549616750317998e-13 	 4.7395261964599324e-14
0.02512612012012012 	 1.6461262692227343e-13 	 4.701876729704494e-14
0.02517616816816817 	 1.63732599146103e-13 	 4.664600367626982e-14
0.025226216216216214 	 1.6285606326677464e-13 	 4.627692682065784e-14
0.025276264264264263 	 1.6198299854198787e-13 	 4.591149306052645e-14
0.02532631231231231 	 1.6111338439340027e-13 	 4.554965932848149e-14
0.02537636036036036 	 1.6024720040501055e-13 	 4.5191383149942476e-14
0.02542640840840841 	 1.5938442632156033e-13 	 4.4836622633834973e-14
0.025476456456456457 	 1.5852504204695596e-13 	 4.4485336463447775e-14
0.025526504504504503 	 1.5766902764270785e-13 	 4.4137483887450186e-14
0.02557655255255255 	 1.5681636332638802e-13 	 4.379302471106721e-14
0.0256266006006006 	 1.5596702947010724e-13 	 4.345191928740988e-14
0.02567664864864865 	 1.5512100659900804e-13 	 4.3114128508956705e-14
0.025726696696696697 	 1.542782753897764e-13 	 4.277961379918386e-14
0.025776744744744742 	 1.5343881666917095e-13 	 4.244833710434155e-14
0.02582679279279279 	 1.526026114125683e-13 	 4.2120260885372993e-14
0.02587684084084084 	 1.5176964074252613e-13 	 4.179534810997399e-14
0.025926888888888888 	 1.509398859273628e-13 	 4.147356224478978e-14
0.025976936936936937 	 1.5011332837975306e-13 	 4.115486724774709e-14
0.026026984984984985 	 1.4928994965534004e-13 	 4.083922756051808e-14
0.02607703303303303 	 1.4846973145136314e-13 	 4.0526608101114465e-14
0.02612708108108108 	 1.4765265560530228e-13 	 4.021697425660896e-14
0.026177129129129128 	 1.468387040935372e-13 	 3.991029187598129e-14
0.026227177177177177 	 1.4602785903002175e-13 	 3.960652726308694e-14
0.026277225225225225 	 1.452201026649741e-13 	 3.9305647169746105e-14
0.026327273273273274 	 1.4441541738358172e-13 	 3.900761878895045e-14
0.02637732132132132 	 1.4361378570472042e-13 	 3.871240974818548e-14
0.026427369369369368 	 1.4281519027968884e-13 	 3.841998810286665e-14
0.026477417417417416 	 1.4201961389095672e-13 	 3.8130322329886626e-14
0.026527465465465465 	 1.4122703945092802e-13 	 3.7843381321271754e-14
0.026577513513513513 	 1.4043745000071681e-13 	 3.755913437794606e-14
0.026627561561561562 	 1.3965082870893798e-13 	 3.7277551203599874e-14
0.026677609609609607 	 1.388671588705115e-13 	 3.699860189866227e-14
0.026727657657657656 	 1.380864239054793e-13 	 3.6722256954374467e-14
0.026777705705705705 	 1.3730860735783675e-13 	 3.6448487246962745e-14
0.026827753753753753 	 1.365336928945779e-13 	 3.6177264031962445e-14
0.026877801801801802 	 1.3576166430374318e-13 	 3.590855893836965e-14
0.02692784984984985 	 1.3499250549450435e-13 	 3.564234396342372e-14
0.026977897897897896 	 1.3422620049523534e-13 	 3.5378591466944445e-14
0.027027945945945944 	 1.3346273345260944e-13 	 3.5117274166028883e-14
0.027077993993993993 	 1.327020886305064e-13 	 3.485836512978329e-14
0.02712804204204204 	 1.3194425040893095e-13 	 3.460183777414198e-14
0.02717809009009009 	 1.3118920328294413e-13 	 3.434766585677225e-14
0.02722813813813814 	 1.304369318616052e-13 	 3.409582347206292e-14
0.027278186186186184 	 1.2968742086692624e-13 	 3.384628504619563e-14
0.027328234234234233 	 1.2894065513283778e-13 	 3.3599025332297264e-14
0.02737828228228228 	 1.281966196041659e-13 	 3.3354019405671525e-14
0.02742833033033033 	 1.2745529933562052e-13 	 3.311124265910913e-14
0.02747837837837838 	 1.267166794907946e-13 	 3.287067079827407e-14
0.027528426426426427 	 1.2598074534117418e-13 	 3.2632279837165675e-14
0.027578474474474472 	 1.2524748226516004e-13 	 3.239604609365433e-14
0.02762852252252252 	 1.2451687574709853e-13 	 3.2161946185089824e-14
0.02767857057057057 	 1.2378891137632408e-13 	 3.192995702398092e-14
0.027728618618618618 	 1.2306357484621216e-13 	 3.1700055813745165e-14
0.027778666666666667 	 1.2234085195324118e-13 	 3.1472220044527e-14
0.027828714714714715 	 1.216207285960662e-13 	 3.124642748908384e-14
0.02787876276276276 	 1.2090319077460091e-13 	 3.1022656198737966e-14
0.02792881081081081 	 1.2018822458911134e-13 	 3.0800884499394124e-14
0.027978858858858858 	 1.194758162393175e-13 	 3.058109098762039e-14
0.028028906906906906 	 1.1876595202350614e-13 	 3.0363254526792437e-14
0.028078954954954955 	 1.1805861833765141e-13 	 3.0147354243299e-14
0.028129003003003004 	 1.1735380167454715e-13 	 2.993336952280846e-14
0.02817905105105105 	 1.166514886229457e-13 	 2.9721280006594424e-14
0.028229099099099098 	 1.1595166586670817e-13 	 2.951106558792006e-14
0.028279147147147146 	 1.1525432018396243e-13 	 2.930270640847993e-14
0.028329195195195195 	 1.1455943844627066e-13 	 2.909618285489802e-14
0.028379243243243243 	 1.1386700761780525e-13 	 2.889147555528146e-14
0.028429291291291292 	 1.1317701475453385e-13 	 2.8688565375828464e-14
0.028479339339339337 	 1.1248944700341265e-13 	 2.848743341748994e-14
0.028529387387387386 	 1.1180429160158826e-13 	 2.8288061012683612e-14
0.028579435435435434 	 1.1112153587560806e-13 	 2.80904297220597e-14
0.028629483483483483 	 1.1044116724063874e-13 	 2.7894521331317657e-14
0.028679531531531532 	 1.0976317319969325e-13 	 2.77003178480724e-14
0.02872957957957958 	 1.0908754134286547e-13 	 2.7507801498769707e-14
0.028779627627627626 	 1.0841425934657299e-13 	 2.7316954725649882e-14
0.028829675675675674 	 1.0774331497280777e-13 	 2.7127760183758458e-14
0.028879723723723723 	 1.0707469606839507e-13 	 2.694020073800379e-14
0.02892977177177177 	 1.0640839056425909e-13 	 2.675425946025983e-14
0.02897981981981982 	 1.0574438647469727e-13 	 2.6569919626514397e-14
0.02902986786786787 	 1.0508267189666108e-13 	 2.6387164714061017e-14
0.029079915915915914 	 1.0442323500904544e-13 	 2.6205978398734706e-14
0.029129963963963963 	 1.0376606407198396e-13 	 2.6026344552189752e-14
0.02918001201201201 	 1.031111474261531e-13 	 2.5848247239220105e-14
0.02923006006006006 	 1.0245847349208186e-13 	 2.5671670715120335e-14
0.02928010810810811 	 1.0180803076947015e-13 	 2.5496599423087556e-14
0.029330156156156157 	 1.0115980783651234e-13 	 2.5323017991662692e-14
0.029380204204204202 	 1.005137933492297e-13 	 2.515091123221149e-14
0.02943025225225225 	 9.986997604080793e-14 	 2.4980264136443198e-14
0.0294803003003003 	 9.922834472094241e-14 	 2.481106187396785e-14
0.029530348348348348 	 9.858888827518991e-14 	 2.4643289789890073e-14
0.029580396396396397 	 9.795159566432688e-14 	 2.4476933402439925e-14
0.029630444444444445 	 9.731645592371382e-14 	 2.431197840063929e-14
0.02968049249249249 	 9.6683458162667e-14 	 2.4148410642003854e-14
0.02973054054054054 	 9.605259156383536e-14 	 2.3986216150279612e-14
0.029780588588588588 	 9.542384538258505e-14 	 2.382538111321379e-14
0.029830636636636636 	 9.47972089463887e-14 	 2.3665891880358966e-14
0.029880684684684685 	 9.4172671654222e-14 	 2.350773496091057e-14
0.029930732732732734 	 9.355022297596576e-14 	 2.3350897021576635e-14
0.02998078078078078 	 9.29298524518141e-14 	 2.3195364884479543e-14
0.030030828828828827 	 9.259701544550887e-14 	 2.3041125525462686e-14
0.030080876876876876 	 9.244295411621017e-14 	 2.2888166071157765e-14
0.030130924924924925 	 9.22894045845964e-14 	 2.2736473797417017e-14
0.030180972972972973 	 9.213636430457919e-14 	 2.2586036127657806e-14
0.030231021021021022 	 9.198383074693051e-14 	 2.2436840630681105e-14
0.030281069069069067 	 9.183180139914346e-14 	 2.228887501875398e-14
0.030331117117117116 	 9.168027376529415e-14 	 2.214212714572043e-14
0.030381165165165164 	 9.152924536590527e-14 	 2.1996585005140256e-14
0.030431213213213213 	 9.137871373781081e-14 	 2.185223672845531e-14
0.03048126126126126 	 9.122867643402211e-14 	 2.170907058318284e-14
0.03053130930930931 	 9.107913102359526e-14 	 2.1567074971135352e-14
0.030581357357357355 	 9.093007509149987e-14 	 2.1426238426666763e-14
0.030631405405405404 	 9.0781506238489e-14 	 2.1286549614944067e-14
0.030681453453453453 	 9.063342208097048e-14 	 2.1147997330244568e-14
0.0307315015015015 	 9.048582025087942e-14 	 2.101057049427779e-14
0.03078154954954955 	 9.0338698395552e-14 	 2.087425815453202e-14
0.0308315975975976 	 9.019205417760037e-14 	 2.0739049482644864e-14
0.030881645645645644 	 9.004588527478905e-14 	 2.060493377279761e-14
0.030931693693693692 	 8.990018937991212e-14 	 2.047190044013272e-14
0.03098174174174174 	 8.975496420067204e-14 	 2.0339939019194614e-14
0.03103178978978979 	 8.961020745955928e-14 	 2.0209039162392627e-14
0.03108183783783784 	 8.946591689373334e-14 	 2.0079190638486515e-14
0.031131885885885887 	 8.932209025490481e-14 	 1.9950383331093637e-14
0.031181933933933932 	 8.917872530921861e-14 	 1.9822607237217715e-14
0.03123198198198198 	 8.903581983713827e-14 	 1.9695852465798717e-14
0.031282030030030036 	 8.889337163333149e-14 	 1.957010923628366e-14
0.03133207807807808 	 8.875137850655674e-14 	 1.944536787721788e-14
0.03138212612612613 	 8.860983827955061e-14 	 1.932161882485626e-14
0.031432174174174175 	 8.846874878891688e-14 	 1.9198852621794742e-14
0.031482222222222224 	 8.832810788501611e-14 	 1.9077059915620994e-14
0.03153227027027027 	 8.818791343185647e-14 	 1.8956231457584428e-14
0.03158231831831832 	 8.804816330698566e-14 	 1.8836358101285232e-14
0.03163236636636637 	 8.790885540138377e-14 	 1.8717430801381882e-14
0.03168241441441442 	 8.776998761935716e-14 	 1.8599440612317057e-14
0.03173246246246247 	 8.763155787843344e-14 	 1.8482378687061644e-14
0.031782510510510516 	 8.749356410925731e-14 	 1.83662362758764e-14
0.031832558558558564 	 8.735600425548748e-14 	 1.825100472509112e-14
0.03188260660660661 	 8.721887627369448e-14 	 1.81366754759011e-14
0.031932654654654655 	 8.708217813325955e-14 	 1.802324006318046e-14
0.0319827027027027 	 8.69459078162743e-14 	 1.7910690114312043e-14
0.03203275075075075 	 8.681006331744156e-14 	 1.7799017348034038e-14
0.0320827987987988 	 8.667464264397688e-14 	 1.768821357330237e-14
0.03213284684684685 	 8.653964381551114e-14 	 1.7578270688169297e-14
0.0321828948948949 	 8.640506486399404e-14 	 1.7469180678677506e-14
0.032232942942942946 	 8.627090383359843e-14 	 1.736093561776974e-14
0.032282990990990995 	 8.613715878062557e-14 	 1.7253527664213437e-14
0.032333039039039044 	 8.600382777341125e-14 	 1.714694906154051e-14
0.03238308708708709 	 8.587090889223281e-14 	 1.7041192137001734e-14
0.03243313513513514 	 8.573840022921698e-14 	 1.6936249300535578e-14
0.03248318318318318 	 8.560629988824869e-14 	 1.683211304375145e-14
0.03253323123123123 	 8.547460598488044e-14 	 1.6728775938926797e-14
0.03258327927927928 	 8.534331664624287e-14 	 1.6626230638018225e-14
0.03263332732732733 	 8.521243001095594e-14 	 1.6524469871686108e-14
0.03268337537537538 	 8.50819442290409e-14 	 1.6423486448332666e-14
0.032733423423423426 	 8.495185746183311e-14 	 1.632327325315319e-14
0.032783471471471475 	 8.482216788189583e-14 	 1.6223823247200377e-14
0.03283351951951952 	 8.469287367293451e-14 	 1.6125129466461398e-14
0.03288356756756757 	 8.456397302971199e-14 	 1.6027185020947536e-14
0.03293361561561562 	 8.443546415796461e-14 	 1.5929983093796393e-14
0.03298366366366367 	 8.430734527431881e-14 	 1.5833516940386136e-14
0.03303371171171172 	 8.417961460620873e-14 	 1.5737779887462e-14
0.03308375975975976 	 8.405227039179446e-14 	 1.564276533227451e-14
0.03313380780780781 	 8.392531087988091e-14 	 1.554846674172937e-14
0.03318385585585586 	 8.379873432983777e-14 	 1.5454877651549064e-14
0.033233903903903905 	 8.367253901151969e-14 	 1.5361991665445537e-14
0.033283951951951954 	 8.354672320518769e-14 	 1.5269802454304243e-14
0.033334 	 8.342128520143086e-14 	 1.517830375537911e-14
0.03338404804804805 	 8.329622330108905e-14 	 1.5087489371498313e-14
0.0334340960960961 	 8.317153581517611e-14 	 1.499735317028082e-14
0.03348414414414415 	 8.304722106480385e-14 	 1.490788908336337e-14
0.0335341921921922 	 8.29232773811067e-14 	 1.4819091105637828e-14
0.033584240240240246 	 8.279970310516704e-14 	 1.4730953294498786e-14
0.033634288288288294 	 8.267649658794116e-14 	 1.4643469769101153e-14
0.033684336336336336 	 8.25536561901859e-14 	 1.4556634709627735e-14
0.033734384384384385 	 8.2431180282386e-14 	 1.447044235656643e-14
0.03378443243243243 	 8.230906724468199e-14 	 1.438488700999725e-14
0.03383448048048048 	 8.218731546679882e-14 	 1.429996302888862e-14
0.03388452852852853 	 8.206592334797505e-14 	 1.4215664830403093e-14
0.03393457657657658 	 8.194488929689271e-14 	 1.413198688921229e-14
0.03398462462462463 	 8.182421173160775e-14 	 1.40489237368208e-14
0.034034672672672676 	 8.170388907948114e-14 	 1.3966469960899138e-14
0.034084720720720725 	 8.158391977711052e-14 	 1.388462020462539e-14
0.034134768768768774 	 8.146430227026253e-14 	 1.3803369166035573e-14
0.03418481681681682 	 8.134503501380564e-14 	 1.3722711597382536e-14
0.03423486486486487 	 8.12261164716437e-14 	 1.3642642304503304e-14
0.03428491291291291 	 8.110754511664989e-14 	 1.3563156146194608e-14
0.03433496096096096 	 8.09893194306014e-14 	 1.3484248033596734e-14
0.03438500900900901 	 8.08714379041147e-14 	 1.3405912929585342e-14
0.03443505705705706 	 8.075389903658113e-14 	 1.33281458481712e-14
0.03448510510510511 	 8.063670133610343e-14 	 1.3250941853907856e-14
0.034535153153153156 	 8.051984331943248e-14 	 1.317429606130686e-14
0.034585201201201204 	 8.040332351190473e-14 	 1.3098203634260708e-14
0.03463524924924925 	 8.028714044738025e-14 	 1.3022659785473237e-14
0.0346852972972973 	 8.01712926681812e-14 	 1.294765977589741e-14
0.03473534534534535 	 8.005577872503082e-14 	 1.2873198914180312e-14
0.0347853933933934 	 7.994059717699302e-14 	 1.2799272556115414e-14
0.03483544144144145 	 7.982574659141256e-14 	 1.2725876104101879e-14
0.03488548948948949 	 7.971122554385547e-14 	 1.265300500661074e-14
0.03493553753753754 	 7.95970326180503e-14 	 1.2580654757658089e-14
0.03498558558558559 	 7.948316640582971e-14 	 1.2508820896284927e-14
0.035035633633633635 	 7.936962550707254e-14 	 1.2437499006043766e-14
0.035085681681681684 	 7.925640852964645e-14 	 1.2366684714491705e-14
0.03513572972972973 	 7.914351408935107e-14 	 1.229637369269013e-14
0.03518577777777778 	 7.903094080986152e-14 	 1.2226561654710657e-14
0.03523582582582583 	 7.891868732267248e-14 	 1.2157244357147485e-14
0.03528587387387388 	 7.88067522670428e-14 	 1.2088417598635941e-14
0.03533592192192193 	 7.869513428994042e-14 	 1.2020077219377069e-14
0.035385969969969976 	 7.858383204598802e-14 	 1.1952219100668408e-14
0.035436018018018024 	 7.847284419740872e-14 	 1.1884839164440549e-14
0.035486066066066066 	 7.836216941397268e-14 	 1.1817933372799715e-14
0.035536114114114115 	 7.82518063729439e-14 	 1.1751497727576014e-14
0.03558616216216216 	 7.814175375902746e-14 	 1.1685528269877448e-14
0.03563621021021021 	 7.803201026431741e-14 	 1.162002107964961e-14
0.03568625825825826 	 7.792257458824479e-14 	 1.1554972275240745e-14
0.03573630630630631 	 7.78134454375264e-14 	 1.1490378012972494e-14
0.03578635435435436 	 7.77046215261137e-14 	 1.1426234486715883e-14
0.035836402402402406 	 7.759610157514245e-14 	 1.1362537927472681e-14
0.035886450450450455 	 7.748788431288254e-14 	 1.1299284602962032e-14
0.035936498498498504 	 7.737996847468827e-14 	 1.1236470817212179e-14
0.03598654654654655 	 7.727235280294914e-14 	 1.1174092910157368e-14
0.0360365945945946 	 7.716503604704104e-14 	 1.111214725723974e-14
0.03608664264264264 	 7.705801696327768e-14 	 1.1050630269016183e-14
0.03613669069069069 	 7.695129431486264e-14 	 1.0989538390770058e-14
0.03618673873873874 	 7.684486687184174e-14 	 1.0928868102127798e-14
0.03623678678678679 	 7.673873341105567e-14 	 1.086861591668023e-14
0.03628683483483484 	 7.663289271609334e-14 	 1.0808778381608605e-14
0.036336882882882886 	 7.652734357724514e-14 	 1.074935207731517e-14
0.036386930930930934 	 7.642208479145709e-14 	 1.0690333617058478e-14
0.03643697897897898 	 7.6317115162285e-14 	 1.0631719646593008e-14
0.03648702702702703 	 7.621243349984914e-14 	 1.0573506843813342e-14
0.03653707507507508 	 7.610803862078941e-14 	 1.0515691918402724e-14
0.03658712312312313 	 7.600392934822054e-14 	 1.0458271611485825e-14
0.03663717117117118 	 7.590010451168804e-14 	 1.0401242695285903e-14
0.03668721921921922 	 7.579656294712425e-14 	 1.0344601972786084e-14
0.03673726726726727 	 7.569330349680485e-14 	 1.0288346277394799e-14
0.036787315315315317 	 7.559032500930575e-14 	 1.0232472472615337e-14
0.036837363363363365 	 7.548762633946025e-14 	 1.0176977451719403e-14
0.036887411411411414 	 7.538520634831656e-14 	 1.0121858137424661e-14
0.03693745945945946 	 7.528306390309578e-14 	 1.0067111481576194e-14
0.03698750750750751 	 7.518119787715009e-14 	 1.0012734464831866e-14
0.03703755555555556 	 7.507960714992128e-14 	 9.958724096351457e-15
0.03708760360360361 	 7.497829060689982e-14 	 9.905077413489615e-15
0.03713765165165166 	 7.487724713958387e-14 	 9.851791481492471e-15
0.037187699699699706 	 7.477647564543906e-14 	 9.798863393197967e-15
0.037237747747747754 	 7.467597502785825e-14 	 9.746290268739774e-15
0.037287795795795796 	 7.457574419612188e-14 	 9.694069255254811e-15
0.037337843843843845 	 7.447578206535835e-14 	 9.642197526594222e-15
0.03738789189189189 	 7.437608755650504e-14 	 9.590672283037912e-15
0.03743793993993994 	 7.427665959626937e-14 	 9.539490751012454e-15
0.03748798798798799 	 7.417749711709033e-14 	 9.488650182812383e-15
0.03753803603603604 	 7.40785990571003e-14 	 9.438147856324848e-15
0.03758808408408409 	 7.397996436008706e-14 	 9.387981074757545e-15
0.037638132132132136 	 7.388159197545625e-14 	 9.338147166369886e-15
0.037688180180180185 	 7.378348085819414e-14 	 9.28864348420743e-15
0.037738228228228234 	 7.368562996883042e-14 	 9.239467405839382e-15
0.03778827627627628 	 7.358803827340169e-14 	 9.190616333099309e-15
0.03783832432432433 	 7.349070474341497e-14 	 9.142087691828897e-15
0.03788837237237237 	 7.339362835581155e-14 	 9.09387893162473e-15
0.03793842042042042 	 7.329680809293117e-14 	 9.045987525588084e-15
0.03798846846846847 	 7.32002429424764e-14 	 8.998410970077704e-15
0.03803851651651652 	 7.310393189747749e-14 	 8.951146784465493e-15
0.03808856456456457 	 7.300787395625725e-14 	 8.904192510895041e-15
0.038138612612612616 	 7.291206812239637e-14 	 8.857545714043073e-15
0.038188660660660664 	 7.281651340469895e-14 	 8.811203980883633e-15
0.03823870870870871 	 7.272120881715831e-14 	 8.765164920455095e-15
0.03828875675675676 	 7.262615337892313e-14 	 8.7194261636299e-15
0.03833880480480481 	 7.253134611426377e-14 	 8.67398536288696e-15
0.03838885285285286 	 7.24367860525388e-14 	 8.62884019208675e-15
0.03843890090090091 	 7.234247222816202e-14 	 8.583988346249045e-15
0.03848894894894895 	 7.224840368056954e-14 	 8.539427541333242e-15
0.038538996996997 	 7.215457945418705e-14 	 8.495155514021198e-15
0.038589045045045046 	 7.206099859839769e-14 	 8.45117002150271e-15
0.038639093093093095 	 7.196766016750973e-14 	 8.407468841263347e-15
0.038689141141141144 	 7.187456322072486e-14 	 8.364049770874892e-15
0.03873918918918919 	 7.17817068221065e-14 	 8.320910627788089e-15
0.03878923723723724 	 7.168909004054847e-14 	 8.278049249127873e-15
0.03883928528528529 	 7.159671194974387e-14 	 8.235463491490957e-15
0.03888933333333334 	 7.150457162815415e-14 	 8.193151230745717e-15
0.03893938138138139 	 7.141266815897854e-14 	 8.151110361834443e-15
0.038989429429429436 	 7.132100063012359e-14 	 8.109338798577845e-15
0.03903947747747748 	 7.122956813417305e-14 	 8.067834473481798e-15
0.039089525525525526 	 7.113836976835783e-14 	 8.026595337546315e-15
0.039139573573573574 	 7.104740463452635e-14 	 7.985619360076741e-15
0.03918962162162162 	 7.095667183911513e-14 	 7.944904528497095e-15
0.03923966966966967 	 7.086617049311938e-14 	 7.90444884816553e-15
0.03928971771771772 	 7.077589971206407e-14 	 7.864250342191934e-15
0.03933976576576577 	 7.068585861597508e-14 	 7.824307051257595e-15
0.03938981381381382 	 7.059604632935065e-14 	 7.784617033436966e-15
0.039439861861861866 	 7.050646198113287e-14 	 7.74517836402137e-15
0.039489909909909915 	 7.041710470467974e-14 	 7.70598913534484e-15
0.039539957957957964 	 7.032797363773697e-14 	 7.667047456611811e-15
0.03959000600600601 	 7.023906792241051e-14 	 7.628351453726882e-15
0.039640054054054054 	 7.015038670513878e-14 	 7.589899269126422e-15
0.0396901021021021 	 7.006192913666551e-14 	 7.551689061612102e-15
0.03974015015015015 	 6.997369437201259e-14 	 7.513719006186372e-15
0.0397901981981982 	 6.988568157045311e-14 	 7.475987293889715e-15
0.03984024624624625 	 6.979788989548478e-14 	 7.438492131639784e-15
0.0398902942942943 	 6.97103185148033e-14 	 7.40123174207235e-15
0.039940342342342346 	 6.962296660027614e-14 	 7.364204363384003e-15
0.039990390390390394 	 6.95358333279164e-14 	 7.327408249176678e-15
0.04004043843843844 	 6.944891787785691e-14 	 7.290841668303884e-15
0.04009048648648649 	 6.936221943432449e-14 	 7.25450290471867e-15
0.04014053453453454 	 6.927573718561447e-14 	 7.218390257323304e-15
0.04019058258258259 	 6.918947032406536e-14 	 7.182502039820626e-15
0.04024063063063063 	 6.910341804603368e-14 	 7.146836580567046e-15
0.04029067867867868 	 6.901757955186897e-14 	 7.111392222427204e-15
0.04034072672672673 	 6.893195404588908e-14 	 7.07616732263025e-15
0.040390774774774776 	 6.884654073635561e-14 	 7.041160252627715e-15
0.040440822822822825 	 6.876133883544942e-14 	 7.006369397952959e-15
0.040490870870870874 	 6.867634755924645e-14 	 6.971793158082177e-15
0.04054091891891892 	 6.859156612769371e-14 	 6.937429946296976e-15
0.04059096696696697 	 6.850699376458535e-14 	 6.903278189548428e-15
0.04064101501501502 	 6.842262969753902e-14 	 6.8693363283226636e-15
0.04069106306306307 	 6.833847315797236e-14 	 6.8356028165079356e-15
0.04074111111111112 	 6.825452338107962e-14 	 6.80207612126316e-15
0.040791159159159165 	 6.81707796058085e-14 	 6.768754722887872e-15
0.04084120720720721 	 6.808724107483722e-14 	 6.735637114693672e-15
0.040891255255255256 	 6.800390703455156e-14 	 6.702721802877037e-15
0.040941303303303304 	 6.792077673502235e-14 	 6.6700073063935356e-15
0.04099135135135135 	 6.783784942998283e-14 	 6.637492156833445e-15
0.0410413993993994 	 6.775512437680647e-14 	 6.605174898298728e-15
0.04109144744744745 	 6.767260083648462e-14 	 6.573054087281305e-15
0.0411414954954955 	 6.759027807360472e-14 	 6.5411282925427466e-15
0.04119154354354355 	 6.750815535632822e-14 	 6.5093960949951804e-15
0.041241591591591596 	 6.742623195636909e-14 	 6.477856087583584e-15
0.041291639639639645 	 6.73445071489722e-14 	 6.446506875169303e-15
0.041341687687687693 	 6.726298021289195e-14 	 6.415347074414855e-15
0.04139173573573574 	 6.718165043037105e-14 	 6.38437531366998e-15
0.041441783783783784 	 6.710051708711951e-14 	 6.3535902328589454e-15
0.04149183183183183 	 6.701957947229363e-14 	 6.322990483369025e-15
0.04154187987987988 	 6.693883687847535e-14 	 6.292574727940259e-15
0.04159192792792793 	 6.685828860165154e-14 	 6.2623416405563296e-15
0.04164197597597598 	 6.677793394119364e-14 	 6.2322899063366745e-15
0.04169202402402403 	 6.669777219983724e-14 	 6.202418221429718e-15
0.041742072072072076 	 6.6617802683662e-14 	 6.172725292907282e-15
0.041792120120120124 	 6.65380247020716e-14 	 6.143209838660135e-15
0.04184216816816817 	 6.645843756777379e-14 	 6.113870587294616e-15
0.04189221621621622 	 6.637904059676077e-14 	 6.0847062780304534e-15
0.04194226426426427 	 6.62998331082895e-14 	 6.0557156605995916e-15
0.04199231231231232 	 6.622081442486235e-14 	 6.0268974951461584e-15
0.04204236036036036 	 6.614198387220763e-14 	 5.998250552127479e-15
0.04209240840840841 	 6.606334077926053e-14 	 5.969773612216132e-15
0.04214245645645646 	 6.598488447814407e-14 	 5.9414654662031146e-15
0.042192504504504506 	 6.590661430415014e-14 	 5.913324914901947e-15
0.042242552552552555 	 6.582852959572077e-14 	 5.885350769053887e-15
0.042292600600600604 	 6.575062969442948e-14 	 5.857541849234066e-15
0.04234264864864865 	 6.567291394496276e-14 	 5.829896985758715e-15
0.0423926966966967 	 6.559538169510168e-14 	 5.802415018593286e-15
0.04244274474474475 	 6.551803229570374e-14 	 5.775094797261612e-15
0.0424927927927928 	 6.54408651006846e-14 	 5.747935180755989e-15
0.04254284084084085 	 6.536387946700023e-14 	 5.7209350374482286e-15
0.042592888888888895 	 6.528707475462901e-14 	 5.6940932450016554e-15
0.04264293693693694 	 6.521045032655388e-14 	 5.667408690283987e-15
0.042692984984984986 	 6.513400554874494e-14 	 5.640880269281198e-15
0.042743033033033034 	 6.505773979014175e-14 	 5.614506887012242e-15
0.04279308108108108 	 6.498165242263611e-14 	 5.5882874574446906e-15
0.04284312912912913 	 6.490574282105478e-14 	 5.562220903411245e-15
0.04289317717717718 	 6.483001036314232e-14 	 5.536306156527137e-15
0.04294322522522523 	 6.475445442954411e-14 	 5.510542157108384e-15
0.04299327327327328 	 6.467907440378948e-14 	 5.4849278540908956e-15
0.043043321321321326 	 6.460386967227495e-14 	 5.459462204950455e-15
0.043093369369369375 	 6.452883962424751e-14 	 5.434144175623476e-15
0.04314341741741742 	 6.44539836517882e-14 	 5.408972740428659e-15
0.04319346546546547 	 6.437930114979557e-14 	 5.3839468819894e-15
0.043243513513513514 	 6.43047915159695e-14 	 5.359065591157051e-15
0.04329356156156156 	 6.423045415079489e-14 	 5.3343278669349405e-15
0.04334360960960961 	 6.415628845752568e-14 	 5.309732716403222e-15
0.04339365765765766 	 6.408229384216879e-14 	 5.285279154644454e-15
0.04344370570570571 	 6.400846971346836e-14 	 5.2609662046700004e-15
0.04349375375375376 	 6.39348154828899e-14 	 5.236792897347154e-15
0.043543801801801806 	 6.386133056460474e-14 	 5.212758271327021e-15
0.043593849849849854 	 6.378801437547443e-14 	 5.188861372973172e-15
0.0436438978978979 	 6.371486633503537e-14 	 5.165101256290994e-15
0.04369394594594595 	 6.364188586548347e-14 	 5.141476982857799e-15
0.043743993993994 	 6.356907239165889e-14 	 5.1179876217536195e-15
0.04379404204204205 	 6.349642534103101e-14 	 5.0946322494927554e-15
0.04384409009009009 	 6.34239441436834e-14 	 5.071409949955991e-15
0.04389413813813814 	 6.335162823229882e-14 	 5.048319814323493e-15
0.04394418618618619 	 6.327947704214459e-14 	 5.025360941008465e-15
0.043994234234234236 	 6.320749001105777e-14 	 5.002532435591396e-15
0.044044282282282285 	 6.313566657943057e-14 	 4.979833410755021e-15
0.044094330330330334 	 6.306400619019593e-14 	 4.957262986219971e-15
0.04414437837837838 	 6.299250828881297e-14 	 4.9348202886810024e-15
0.04419442642642643 	 6.292117232325284e-14 	 4.912504451743959e-15
0.04424447447447448 	 6.28499977439844e-14 	 4.890314615863322e-15
0.04429452252252253 	 6.277898400396019e-14 	 4.868249928280406e-15
0.04434457057057058 	 6.270813055860237e-14 	 4.8463095429621945e-15
0.044394618618618625 	 6.263743686578881e-14 	 4.824492620540779e-15
0.04444466666666667 	 6.256690238583923e-14 	 4.80279832825342e-15
0.044494714714714716 	 6.249652658150154e-14 	 4.781225839883202e-15
0.044544762762762764 	 6.242630891793814e-14 	 4.759774335700313e-15
0.04459481081081081 	 6.23562488627124e-14 	 4.738443002403887e-15
0.04464485885885886 	 6.228634588577516e-14 	 4.7172310330644455e-15
0.04469490690690691 	 6.221659945945143e-14 	 4.696137627066928e-15
0.04474495495495496 	 6.214700905842705e-14 	 4.675161990054261e-15
0.04479500300300301 	 6.207757415973556e-14 	 4.654303333871553e-15
0.044845051051051056 	 6.200829424274504e-14 	 4.633560876510779e-15
0.044895099099099105 	 6.193916878914512e-14 	 4.612933842056067e-15
0.04494514714714715 	 6.187019728293409e-14 	 4.592421460629522e-15
0.044995195195195195 	 6.1801379210406e-14 	 4.572022968337583e-15
0.045045243243243244 	 6.173271406013796e-14 	 4.551737607217917e-15
0.04509529129129129 	 6.166420132297741e-14 	 4.531564625186846e-15
0.04514533933933934 	 6.159584049202964e-14 	 4.511503275987309e-15
0.04519538738738739 	 6.152763106264513e-14 	 4.4915528191373124e-15
0.04524543543543544 	 6.145957253240731e-14 	 4.471712519878921e-15
0.04529548348348349 	 6.139166440112009e-14 	 4.451981649127741e-15
0.045345531531531535 	 6.132390617079567e-14 	 4.432359483422912e-15
0.045395579579579584 	 6.125629734564233e-14 	 4.412845304877582e-15
0.04544562762762763 	 6.118883743205241e-14 	 4.393438401129889e-15
0.04549567567567568 	 6.112152593859016e-14 	 4.374138065294414e-15
0.04554572372372373 	 6.105436237597997e-14 	 4.354943595914117e-15
0.04559577177177177 	 6.098734625709441e-14 	 4.3358542969127515e-15
0.04564581981981982 	 6.092047709694248e-14 	 4.316869477547743e-15
0.04569586786786787 	 6.085375441265789e-14 	 4.2979884523635264e-15
0.04574591591591592 	 6.07871777234875e-14 	 4.2792105411453656e-15
0.045795963963963966 	 6.07207465507797e-14 	 4.2605350688735805e-15
0.045846012012012015 	 6.065446041797298e-14 	 4.2419613656782845e-15
0.045896060060060064 	 6.058831885058451e-14 	 4.223488766794503e-15
0.04594610810810811 	 6.052232137619889e-14 	 4.205116612517791e-15
0.04599615615615616 	 6.045646752445674e-14 	 4.1868442481602155e-15
0.04604620420420421 	 6.039075682704375e-14 	 4.1686710240068515e-15
0.04609625225225226 	 6.032518881767938e-14 	 4.150596295272617e-15
0.04614630030030031 	 6.025976303210596e-14 	 4.132619422059598e-15
0.04619634834834835 	 6.019447900807763e-14 	 4.1147397693147445e-15
0.0462463963963964 	 6.012933628534955e-14 	 4.096956706788e-15
0.046296444444444446 	 6.006433440566701e-14 	 4.079269608990823e-15
0.046346492492492494 	 5.999947291275478e-14 	 4.0616778551551435e-15
0.04639654054054054 	 5.99347513523063e-14 	 4.044180829192657e-15
0.04644658858858859 	 5.987016927197315e-14 	 4.026777919654571e-15
0.04649663663663664 	 5.98057262213546e-14 	 4.0094685196917285e-15
0.04654668468468469 	 5.974142175198688e-14 	 3.9922520270150716e-15
0.04659673273273274 	 5.967725541733308e-14 	 3.975127843856556e-15
0.046646780780780786 	 5.961322677277262e-14 	 3.958095376930395e-15
0.046696828828828835 	 5.954933537559104e-14 	 3.941154037394684e-15
0.04674687687687688 	 5.94855807849698e-14 	 3.92430324081341e-15
0.046796924924924925 	 5.942196256197613e-14 	 3.907542407118816e-15
0.046846972972972974 	 5.935848026955295e-14 	 3.890870960574109e-15
0.04689702102102102 	 5.929513347250888e-14 	 3.874288329736573e-15
0.04694706906906907 	 5.923192173750831e-14 	 3.857793947420984e-15
0.04699711711711712 	 5.916884463306145e-14 	 3.841387250663401e-15
0.04704716516516517 	 5.910590172951463e-14 	 3.825067680685312e-15
0.04709721321321322 	 5.904309259904038e-14 	 3.80883468285808e-15
0.047147261261261265 	 5.898041681562791e-14 	 3.7926877066677925e-15
0.047197309309309314 	 5.891787395507336e-14 	 3.776626205680394e-15
0.04724735735735736 	 5.885546359497026e-14 	 3.7606496375071555e-15
0.04729740540540541 	 5.879318531470005e-14 	 3.744757463770507e-15
0.04734745345345346 	 5.87310386954226e-14 	 3.728949150070162e-15
0.0473975015015015 	 5.866902332006688e-14 	 3.7132241659495756e-15
0.04744754954954955 	 5.860713877332144e-14 	 3.697581984862695e-15
0.0474975975975976 	 5.854538464162546e-14 	 3.682022084141095e-15
0.04754764564564565 	 5.848376051315919e-14 	 3.666543944961329e-15
0.047597693693693696 	 5.842226597783507e-14 	 3.65114705231267e-15
0.047647741741741745 	 5.83609006272885e-14 	 3.635830894965107e-15
0.04769778978978979 	 5.82996640548688e-14 	 3.620594965437661e-15
0.04774783783783784 	 5.823855585563028e-14 	 3.605438759966999e-15
0.04779788588588589 	 5.817757562632327e-14 	 3.590361778476342e-15
0.04784793393393394 	 5.811672296538529e-14 	 3.575363524544668e-15
0.04789798198198199 	 5.805599747293216e-14 	 3.560443505376187e-15
0.04794803003003004 	 5.799539875074936e-14 	 3.5456012317701412e-15
0.04799807807807808 	 5.79349264022832e-14 	 3.5308362180908334e-15
0.04804812612612613 	 5.787458003263228e-14 	 3.5161479822379918e-15
0.048098174174174176 	 5.78143592485388e-14 	 3.5015360456173712e-15
0.048148222222222224 	 5.775426365838006e-14 	 3.4869999331116446e-15
0.04819827027027027 	 5.769429287216001e-14 	 3.472539173051575e-15
0.04824831831831832 	 5.763444650150076e-14 	 3.4581532971874417e-15
0.04829836636636637 	 5.757472415963418e-14 	 3.4438418406607188e-15
0.04834841441441442 	 5.75151254613936e-14 	 3.4296043419760685e-15
0.04839846246246247 	 5.745565002320559e-14 	 3.415440342973538e-15
0.048448510510510516 	 5.739629746308159e-14 	 3.4013493888010455e-15
0.048498558558558565 	 5.733706740060985e-14 	 3.3873310278871157e-15
0.04854860660660661 	 5.727795945694727e-14 	 3.3733848119138636e-15
0.048598654654654655 	 5.721897325481131e-14 	 3.3595102957902323e-15
0.048648702702702704 	 5.716010841847197e-14 	 3.3457070376254733e-15
0.04869875075075075 	 5.710136457374376e-14 	 3.331974598702876e-15
0.0487487987987988 	 5.704274134797791e-14 	 3.318312543453746e-15
0.04879884684684685 	 5.698423837005436e-14 	 3.304720439431609e-15
0.0488488948948949 	 5.692585527037396e-14 	 3.2911978572866647e-15
0.04889894294294295 	 5.686759168085071e-14 	 3.2777443707404583e-15
0.048948990990990995 	 5.680944723490404e-14 	 3.2643595565608088e-15
0.048999039039039044 	 5.675142156745105e-14 	 3.2510429945369575e-15
0.04904908708708709 	 5.669351431489893e-14 	 3.2377942674549215e-15
0.04909913513513514 	 5.663572511513736e-14 	 3.224612961073123e-15
0.04914918318318319 	 5.6578053607530934e-14 	 3.211498664098186e-15
0.04919923123123123 	 5.6520499432911706e-14 	 3.198450968160998e-15
0.04924927927927928 	 5.6463062233571633e-14 	 3.185469467792958e-15
0.04929932732732733 	 5.6405741653255337e-14 	 3.172553760402475e-15
0.04934937537537538 	 5.6348537337152555e-14 	 3.15970344625164e-15
0.049399423423423426 	 5.6291448931890927e-14 	 3.1469181284331505e-15
0.049449471471471475 	 5.6234476085528696e-14 	 3.134197412847413e-15
0.04949951951951952 	 5.6177618447547474e-14 	 3.121540908179874e-15
0.04954956756756757 	 5.6120875668845045e-14 	 3.108948225878546e-15
0.04959961561561562 	 5.606424740172821e-14 	 3.096418980131747e-15
0.04964966366366367 	 5.600773329990575e-14 	 3.083952787846025e-15
0.04969971171171172 	 5.595133301848127e-14 	 3.071549268624305e-15
0.04974975975975977 	 5.589504621394626e-14 	 3.0592080447442105e-15
0.04979980780780781 	 5.5838872544173096e-14 	 3.046928741136603e-15
0.04984985585585586 	 5.578281166840807e-14 	 3.034710985364287e-15
0.049899903903903906 	 5.572686324726457e-14 	 3.0225544076009432e-15
0.049949951951951954 	 5.5671026942716186e-14 	 3.01045864061022e-15
0.05 	 5.561530241808992e-14 	 2.9984233197250277e-15
