0.00035233633633633635 	 2.435893933269204e-10 	 1.1673133915191344e-07
0.0004023843843843844 	 2.1329206039271092e-10 	 6.862031870463672e-08
0.0004524324324324324 	 1.8969770569667407e-10 	 4.293409234253137e-08
0.0005024804804804805 	 1.708034396343719e-10 	 2.8218922167524007e-08
0.0005525285285285286 	 1.55332059764886e-10 	 1.9301825165691592e-08
0.0006025765765765767 	 1.708526844576717e-10 	 1.3163342458033328e-08
0.0006526246246246247 	 2.4519827857289846e-10 	 8.311450745770779e-09
0.0007026726726726728 	 3.0066283835115127e-10 	 5.165879030838789e-09
0.0007527207207207208 	 3.8513439036567515e-10 	 3.0969905824413282e-09
0.0008027687687687688 	 5.253723345564113e-10 	 1.7270812867238874e-09
0.0008528168168168169 	 7.016457742518911e-10 	 8.393710780314002e-10
0.0009028648648648649 	 9.012371307164418e-10 	 3.0874450183146525e-10
0.000952912912912913 	 5.570511672949224e-10 	 1.730672778518298e-11
0.001002960960960961 	 1.6279500703770697e-10 	 6.238865541942695e-11
0.0010530090090090092 	 1.2010313488007982e-09 	 6.91869015331017e-10
0.0011030570570570572 	 1.4600760857026716e-08 	 3.458869219932594e-09
0.0011531051051051051 	 4.116309348655385e-08 	 2.080019500097622e-08
0.0012031531531531533 	 6.066936992739442e-08 	 3.147436360484017e-08
0.0012532012012012013 	 7.333664141624123e-08 	 4.386192725266299e-08
0.0013032492492492493 	 8.130235758563812e-08 	 5.7171002215732876e-08
0.0013532972972972973 	 8.70257272516532e-08 	 7.478796513186872e-08
0.0014033453453453455 	 9.020045799607265e-08 	 9.285608848600396e-08
0.0014533933933933935 	 9.169868837456505e-08 	 1.0943633381240513e-07
0.0015034414414414415 	 9.173321100204354e-08 	 1.0578775288357384e-07
0.0015534894894894897 	 8.610402796687201e-08 	 5.41511075197275e-08
0.0016035375375375376 	 8.592105014375984e-08 	 6.197156312973604e-08
0.0016535855855855856 	 8.834438314898899e-08 	 1.1841720160729656e-07
0.0017036336336336338 	 6.615216931155048e-08 	 4.45838062788557e-08
0.0017536816816816818 	 4.028316871753507e-08 	 3.155310347533704e-08
0.0018037297297297298 	 5.435619567578122e-09 	 9.769702502709604e-09
0.001853777777777778 	 4.336030849710017e-09 	 3.7262087062655235e-09
0.001903825825825826 	 5.113396553998119e-09 	 1.509060710807742e-09
0.001953873873873874 	 9.780786671192462e-09 	 5.574881840824239e-10
0.0020039219219219217 	 2.1419580041845477e-08 	 5.028060442445203e-10
0.00205396996996997 	 3.903444859296763e-08 	 1.3278917301272093e-09
0.002104018018018018 	 6.010923569970101e-08 	 1.1146808168411914e-08
0.002154066066066066 	 6.621802787793325e-08 	 2.9426413125498037e-08
0.002204114114114114 	 6.595362142047853e-08 	 3.810976043590158e-08
0.0022541621621621623 	 4.904395526204699e-08 	 1.9363101429436488e-08
0.00230421021021021 	 3.458717238943072e-08 	 1.2105854018335369e-08
0.0023542582582582582 	 2.262636441559341e-08 	 5.967664417700916e-09
0.0024043063063063064 	 1.5587265440141812e-08 	 3.604409187582858e-09
0.002454354354354354 	 1.2671885216761317e-08 	 2.653320162447736e-09
0.0025044024024024024 	 1.2409241163282317e-08 	 2.215843493144702e-09
0.00255445045045045 	 1.335086636185062e-08 	 2.1919087147625957e-09
0.0026044984984984984 	 7.008868234486205e-09 	 1.7110635577441809e-09
0.0026545465465465466 	 2.2278797266694485e-09 	 1.387355359206525e-09
0.0027045945945945943 	 1.506631318461439e-09 	 1.097025762028703e-09
0.0027546426426426425 	 1.3891183257914344e-09 	 9.233734279794552e-10
0.0028046906906906907 	 1.2964366060795613e-09 	 7.811596760295788e-10
0.0028547387387387385 	 1.226249413437153e-09 	 6.638432126393349e-10
0.0029047867867867867 	 1.1456418436350695e-09 	 5.767203949741232e-10
0.002954834834834835 	 1.0650216611552366e-09 	 5.034109155992383e-10
0.0030048828828828826 	 9.864734189072675e-10 	 4.4493192889423095e-10
0.003054930930930931 	 9.058361753869947e-10 	 3.9654628400742874e-10
0.003104978978978979 	 8.235046297051088e-10 	 3.567059443113067e-10
0.003155027027027027 	 7.52632927301601e-10 	 3.2247620380814953e-10
0.003205075075075075 	 6.897168922881699e-10 	 2.9257375007971065e-10
0.003255123123123123 	 6.312351268881132e-10 	 2.662694873306779e-10
0.003305171171171171 	 5.761225960920472e-10 	 2.4290628990229953e-10
0.003355219219219219 	 5.222268832154513e-10 	 2.2302792125978066e-10
0.0034052672672672674 	 4.698983448135144e-10 	 2.0650580168293778e-10
0.003455315315315315 	 4.186019908356063e-10 	 1.9137447178125817e-10
0.0035053633633633633 	 3.6834121732898153e-10 	 1.7765574136542074e-10
0.0035554114114114115 	 3.1903727693890606e-10 	 1.6503160053104904e-10
0.0036054594594594593 	 2.742999793095794e-10 	 1.5393030929718079e-10
0.0036555075075075075 	 2.321736610465831e-10 	 1.439066560435843e-10
0.0037055555555555557 	 1.9100209832358442e-10 	 1.3463553554156872e-10
0.0037556036036036035 	 1.532307796355219e-10 	 1.262468864677477e-10
0.0038056516516516516 	 1.1622709115516162e-10 	 1.1845891794552373e-10
0.0038556996996997 	 8.500011547706666e-11 	 1.1125536786771079e-10
0.0039057477477477476 	 7.555902764045848e-11 	 1.0468627182875612e-10
0.003955795795795796 	 6.631054597933307e-11 	 9.856521209149768e-11
0.004005843843843844 	 5.821103339969847e-11 	 9.29589893345578e-11
0.004055891891891893 	 5.749273304205365e-11 	 8.845491581712673e-11
0.00410593993993994 	 5.6791943671582636e-11 	 8.422035856949318e-11
0.004155987987987988 	 5.6108032665623885e-11 	 8.023619424317171e-11
0.004206036036036037 	 5.544039751207986e-11 	 7.648486396654836e-11
0.004256084084084085 	 5.47884640390398e-11 	 7.295022876574951e-11
0.004306132132132132 	 5.415168476785963e-11 	 6.96174398446058e-11
0.004356180180180181 	 5.352953737977053e-11 	 6.647282204609918e-11
0.004406228228228229 	 5.2921523286989464e-11 	 6.35037690236944e-11
0.0044562762762762765 	 5.232716630011602e-11 	 6.069864882967481e-11
0.004506324324324325 	 5.1746011384330175e-11 	 5.804671878290481e-11
0.004556372372372373 	 5.117762349756285e-11 	 5.5538048613610954e-11
0.004606420420420421 	 5.0621586504405115e-11 	 5.316345100061117e-11
0.004656468468468469 	 5.007750216005774e-11 	 5.091441871930773e-11
0.004706516516516517 	 4.9544989159107346e-11 	 4.8783067708726085e-11
0.004756564564564565 	 4.902368224435468e-11 	 4.676208544467234e-11
0.0048066126126126135 	 4.8513231371317894e-11 	 4.4844684075180526e-11
0.004856660660660661 	 4.801330092439482e-11 	 4.3024557835109046e-11
0.004906708708708709 	 4.752356898099567e-11 	 4.129584431011872e-11
0.004956756756756757 	 4.704372662025577e-11 	 3.9653089167272024e-11
0.005006804804804805 	 4.6573477273209056e-11 	 3.809121401094423e-11
0.005056852852852853 	 4.6112536111549745e-11 	 3.6605487059340744e-11
0.005106900900900901 	 4.566062947233513e-11 	 3.5191496369276755e-11
0.0051569489489489495 	 4.521749431618794e-11 	 3.3845125365524536e-11
0.005206996996996997 	 4.478287771674414e-11 	 3.256253045642444e-11
0.005257045045045045 	 4.4356536379264075e-11 	 3.134012053999034e-11
0.005307093093093094 	 4.3938236186481783e-11 	 3.0174538224758123e-11
0.0053571411411411415 	 4.352775176991121e-11 	 2.906264260743395e-11
0.005407189189189189 	 4.312486610495991e-11 	 2.800149346525388e-11
0.005457237237237238 	 4.2729370128321855e-11 	 2.6988336735104135e-11
0.005507285285285286 	 4.234106237623229e-11 	 2.6020591164064712e-11
0.005557333333333333 	 4.195974864226916e-11 	 2.5095836027310925e-11
0.005607381381381382 	 4.158524165348022e-11 	 2.4211799819386284e-11
0.00565742942942943 	 4.121736076370075e-11 	 2.3366349833884822e-11
0.0057074774774774776 	 4.085593166300685e-11 	 2.2557482554666905e-11
0.005757525525525526 	 4.050078610232237e-11 	 2.17833147889882e-11
0.005807573573573574 	 4.0151761632265505e-11 	 2.1042075479434408e-11
0.005857621621621622 	 3.9808701355383186e-11 	 2.0332098137409817e-11
0.00590766966966967 	 3.9471453690979495e-11 	 1.965181384619446e-11
0.005957717717717718 	 3.913987215179754e-11 	 1.8999744786328136e-11
0.006007765765765766 	 3.881381513186345e-11 	 1.8374498240353343e-11
0.0060578138138138145 	 3.8493145704847076e-11 	 1.7774761037806573e-11
0.006107861861861862 	 3.81777314323361e-11 	 1.719929440482817e-11
0.00615790990990991 	 3.786744418145961e-11 	 1.6646929185907902e-11
0.006207957957957959 	 3.75621599513335e-11 	 1.6116561408128727e-11
0.0062580060060060064 	 3.72617587078338e-11 	 1.5607148160847264e-11
0.006308054054054054 	 3.696612422623548e-11 	 1.511770376608281e-11
0.006358102102102103 	 3.667514394128329e-11 	 1.4647296217002784e-11
0.006408150150150151 	 3.638870880428835e-11 	 1.4195043863812008e-11
0.006458198198198198 	 3.61067131468693e-11 	 1.3760112328096577e-11
0.006508246246246247 	 3.582905455098045e-11 	 1.334171162825768e-11
0.006558294294294295 	 3.555563372489101e-11 	 1.2939093500111286e-11
0.0066083423423423425 	 3.5286354384799895e-11 	 1.2551548898041288e-11
0.006658390390390391 	 3.5021123141789615e-11 	 1.2178405663288229e-11
0.006708438438438439 	 3.475984939384048e-11 	 1.1819026347044402e-11
0.006758486486486487 	 3.4502445222642635e-11 	 1.1472806177019095e-11
0.006808534534534535 	 3.4248825294959325e-11 	 1.1139171157044738e-11
0.006858582582582583 	 3.3998906768308605e-11 	 1.081757629012193e-11
0.006908630630630631 	 3.375260920074476e-11 	 1.050750391605878e-11
0.0069586786786786795 	 3.350985446453288e-11 	 1.0208462155551741e-11
0.007008726726726727 	 3.327056666352209e-11 	 9.919983453188859e-12
0.007058774774774775 	 3.3034672054033735e-11 	 9.64162321243631e-12
0.007108822822822824 	 3.280209896909148e-11 	 9.372958516201039e-12
0.007158870870870871 	 3.257277774582961e-11 	 9.11358692704966e-12
0.007208918918918919 	 3.234664065592513e-11 	 8.86312536161117e-12
0.007258966966966968 	 3.2123621838907815e-11 	 8.621209034101854e-12
0.007309015015015016 	 3.1903657238210153e-11 	 8.387490464288002e-12
0.007359063063063063 	 3.1686684539826754e-11 	 8.161638545548844e-12
0.007409111111111112 	 3.147264311345992e-11 	 7.943337669021306e-12
0.00745915915915916 	 3.126147395603453e-11 	 7.732286900101613e-12
0.0075092072072072075 	 3.1053119637471744e-11 	 7.528199203849228e-12
0.007559255255255256 	 3.0847524248616805e-11 	 7.330800716087571e-12
0.007609303303303304 	 3.064463335122178e-11 	 7.139830057225763e-12
0.007659351351351352 	 3.04443939298893e-11 	 6.955037686037247e-12
0.0077093993993994 	 3.024675434588805e-11 	 6.776185290826706e-12
0.007759447447447448 	 3.005166429275566e-11 	 6.603045215597141e-12
0.007809495495495496 	 2.985907475360871e-11 	 6.435399918995658e-12
0.007859543543543544 	 2.966893796008379e-11 	 6.273041463970731e-12
0.007909591591591592 	 2.9481207352837344e-11 	 6.1157710362160615e-12
0.00795963963963964 	 2.929583754353577e-11 	 5.963398489608221e-12
0.008009687687687688 	 2.9112784278270455e-11 	 5.8157419169671294e-12
0.008059735735735736 	 2.8932004402335927e-11 	 5.672627244581664e-12
0.008109783783783785 	 2.8753455826312256e-11 	 5.5338878490473985e-12
0.008159831831831832 	 2.8577097493395536e-11 	 5.399364195060467e-12
0.00820987987987988 	 2.840288934792335e-11 	 5.2689034929018916e-12
0.00825992792792793 	 2.8230792305044568e-11 	 5.142359374430122e-12
0.008309975975975976 	 2.8060768221485004e-11 	 5.019591586477137e-12
0.008360024024024025 	 2.789277986736326e-11 	 4.900465700615685e-12
0.008410072072072073 	 2.77267908990129e-11 	 4.7848528383321136e-12
0.00846012012012012 	 2.7562765832769248e-11 	 4.672629410701501e-12
0.008510168168168169 	 2.7400670019681166e-11 	 4.563676871719772e-12
0.008560216216216218 	 2.7240469621109934e-11 	 4.457881484501393e-12
0.008610264264264264 	 2.7082131585179148e-11 	 4.355134099601281e-12
0.008660312312312313 	 2.692562362404111e-11 	 4.255329944766368e-12
0.008710360360360362 	 2.6770914191927108e-11 	 4.158368425465849e-12
0.008760408408408409 	 2.6617972463949934e-11 	 4.064152935589486e-12
0.008810456456456457 	 2.6466768315628976e-11 	 3.972590677741396e-12
0.008860504504504506 	 2.6317272303109176e-11 	 3.883592492591911e-12
0.008910552552552553 	 2.6169455644046632e-11 	 3.797072696782999e-12
0.008960600600600601 	 2.6023290199134744e-11 	 3.712948928913559e-12
0.00901064864864865 	 2.587874845424605e-11 	 3.6311420031595276e-12
0.009060696696696697 	 2.5735803503165896e-11 	 3.5515757701105896e-12
0.009110744744744746 	 2.5594429030895167e-11 	 3.4741769844303092e-12
0.009160792792792794 	 2.5454599297500437e-11 	 3.3988751789700192e-12
0.009210840840840841 	 2.531628912249053e-11 	 3.3256025449885886e-12
0.00926088888888889 	 2.5179473869699748e-11 	 3.254293818150812e-12
0.009310936936936938 	 2.50441294326586e-11 	 3.1848861699963316e-12
0.009360984984984985 	 2.4910232220433855e-11 	 3.117319104588926e-12
0.009411033033033034 	 2.4777759143920327e-11 	 3.0515343600728773e-12
0.009461081081081082 	 2.4646687602567867e-11 	 2.9874758148789574e-12
0.00951112912912913 	 2.451699547152733e-11 	 2.925089398337218e-12
0.009561177177177178 	 2.438866108920025e-11 	 2.8643230054677848e-12
0.009611225225225227 	 2.426166324517758e-11 	 2.80512641573379e-12
0.009661273273273274 	 2.4135981168553246e-11 	 2.747451215552776e-12
0.009711321321321322 	 2.401159451659905e-11 	 2.691250724374357e-12
0.009761369369369369 	 2.388848336378806e-11 	 2.6364799241427768e-12
0.009811417417417418 	 2.3766628191153834e-11 	 2.5830953919729133e-12
0.009861465465465466 	 2.364600987597375e-11 	 2.531055235877984e-12
0.009911513513513513 	 2.3526609681764884e-11 	 2.4803190333959744e-12
0.009961561561561562 	 2.3408409248581386e-11 	 2.4308477729702513e-12
0.01001160960960961 	 2.3291390583602995e-11 	 2.3826037979477558e-12
0.010061657657657657 	 2.3175536052004334e-11 	 2.3355507530654903e-12
0.010111705705705706 	 2.3060828368095423e-11 	 2.289653533303106e-12
0.010161753753753755 	 2.2947250586723982e-11 	 2.244878234985895e-12
0.010211801801801802 	 2.283478609493055e-11 	 2.201192109028709e-12
0.01026184984984985 	 2.272341860384777e-11 	 2.158563516217144e-12
0.010311897897897899 	 2.2613132140835647e-11 	 2.1169618844278817e-12
0.010361945945945946 	 2.2503911041844665e-11 	 2.0763576676951382e-12
0.010411993993993994 	 2.2395739943999147e-11 	 2.036722307035172e-12
0.010462042042042043 	 2.2288603778393558e-11 	 1.9980281929453428e-12
0.01051209009009009 	 2.2182487763094512e-11 	 1.9602486294985526e-12
0.010562138138138139 	 2.207737739634179e-11 	 1.9233577999580278e-12
0.010612186186186187 	 2.197325844994173e-11 	 1.887330733841239e-12
0.010662234234234234 	 2.187011696284666e-11 	 1.8521432753654257e-12
0.010712282282282283 	 2.176793923491437e-11 	 1.817772053210618e-12
0.010762330330330331 	 2.1666711820841626e-11 	 1.7841944515393238e-12
0.010812378378378378 	 2.1566421524266253e-11 	 1.751388582215121e-12
0.010862426426426427 	 2.1467055392032203e-11 	 1.719333258165291e-12
0.010912474474474475 	 2.136860070861245e-11 	 1.6880079678353818e-12
0.010962522522522522 	 2.1271044990684667e-11 	 1.6573928506862133e-12
0.011012570570570571 	 2.11743759818548e-11 	 1.6274686736862376e-12
0.01106261861861862 	 2.1078581647523887e-11 	 1.598216808754574e-12
0.011112666666666667 	 2.0983650169893565e-11 	 1.5696192111121528e-12
0.011162714714714715 	 2.0889569943105903e-11 	 1.5416583985005384e-12
0.011212762762762764 	 2.079632956851351e-11 	 1.5143174312299969e-12
0.01126281081081081 	 2.070391785007561e-11 	 1.4875798930201413e-12
0.01131285885885886 	 2.061232378987641e-11 	 1.4614298725983805e-12
0.011362906906906908 	 2.0521536583761865e-11 	 1.435851946022986e-12
0.011412954954954955 	 2.0431545617091314e-11 	 1.410831159699226e-12
0.011463003003003003 	 2.034234046060028e-11 	 1.3863530140584805e-12
0.011513051051051052 	 2.0253910866371305e-11 	 1.362403447871737e-12
0.011563099099099099 	 2.0166246763909365e-11 	 1.3389688231701709e-12
0.011613147147147148 	 2.0079338256318737e-11 	 1.3160359107468078e-12
0.011663195195195196 	 1.9993175616578362e-11 	 1.2935918762145187e-12
0.011713243243243243 	 1.9907749283912664e-11 	 1.2716242665967108e-12
0.011763291291291292 	 1.9823049860254982e-11 	 1.2501209974281892e-12
0.01181333933933934 	 1.9739068106800978e-11 	 1.229070340344746e-12
0.011863387387387387 	 1.96557949406492e-11 	 1.2084609111409445e-12
0.011913435435435436 	 1.9573221431526365e-11 	 1.1882816582765885e-12
0.011963483483483485 	 1.9491338798594868e-11 	 1.1685218518132157e-12
0.012013531531531531 	 1.9410138407340013e-11 	 1.1491710727627974e-12
0.01206357957957958 	 1.932961176653481e-11 	 1.1302192028316745e-12
0.012113627627627629 	 1.9249750525279938e-11 	 1.1116564145434803e-12
0.012163675675675676 	 1.9170546470116852e-11 	 1.0934731617255655e-12
0.012213723723723724 	 1.9091991522211804e-11 	 1.075660170344119e-12
0.012263771771771773 	 1.9014077734608877e-11 	 1.0582084296738398e-12
0.01231381981981982 	 1.8936797289549957e-11 	 1.0411091837886457e-12
0.012363867867867868 	 1.886014249585982e-11 	 1.0243539233605044e-12
0.012413915915915917 	 1.8784105786394466e-11 	 1.007934377754037e-12
0.012463963963963964 	 1.870867971555094e-11 	 9.918425074050967e-13
0.012514012012012013 	 1.8633856956836896e-11 	 9.760704964720173e-13
0.012564060060060061 	 1.8559630300498245e-11 	 9.606107457487575e-13
0.012614108108108108 	 1.8485992651203306e-11 	 9.454558658295921e-13
0.012664156156156157 	 1.8412937025781824e-11 	 9.30598670515477e-13
0.012714204204204205 	 1.834045655101744e-11 	 9.16032170452634e-13
0.012764252252252252 	 1.8268544461492066e-11 	 9.017495669942944e-13
0.012814300300300301 	 1.8197194097480755e-11 	 8.877442462769437e-13
0.01286434834834835 	 1.812639890289577e-11 	 8.740097735027753e-13
0.012914396396396396 	 1.805615242327839e-11 	 8.605398874203909e-13
0.012964444444444445 	 1.7986448303837287e-11 	 8.473284949961622e-13
0.013014492492492494 	 1.791728028753212e-11 	 8.34369666268945e-13
0.01306454054054054 	 1.7848642213201214e-11 	 8.216576293811735e-13
0.01311458858858859 	 1.778052801373208e-11 	 8.091867657796368e-13
0.013164636636636638 	 1.7712931714273695e-11 	 7.969516055795265e-13
0.013214684684684685 	 1.7645847430489372e-11 	 7.849468230856055e-13
0.013264732732732733 	 1.7579269366849206e-11 	 7.73167232464601e-13
0.013314780780780782 	 1.7513191814961038e-11 	 7.616077835631801e-13
0.013364828828828829 	 1.7447609151938885e-11 	 7.502635578660702e-13
0.013414876876876878 	 1.7382515838807925e-11 	 7.391297645891386e-13
0.013464924924924926 	 1.7317906418945048e-11 	 7.282017369024386e-13
0.013514972972972973 	 1.7253775516554033e-11 	 7.174749282784341e-13
0.013565021021021022 	 1.7190117835174503e-11 	 7.069449089608115e-13
0.01361506906906907 	 1.7126928156223777e-11 	 6.966073625494726e-13
0.013665117117117117 	 1.7064201337570723e-11 	 6.864580826974733e-13
0.013715165165165166 	 1.7001932312140873e-11 	 6.764929699158456e-13
0.013765213213213215 	 1.694011608655194e-11 	 6.667080284824066e-13
0.013815261261261261 	 1.6878747739779046e-11 	 6.570993634508045e-13
0.01386530930930931 	 1.6817822421848764e-11 	 6.476631777561972e-13
0.013915357357357359 	 1.6757335352561446e-11 	 6.38395769414121e-13
0.013965405405405406 	 1.6697281820240957e-11 	 6.292935288092149e-13
0.014015453453453454 	 1.663765718051121e-11 	 6.203529360706135e-13
0.014065501501501503 	 1.657845685509883e-11 	 6.115705585309417e-13
0.01411554954954955 	 1.6519676330661303e-11 	 6.029430482659655e-13
0.014165597597597598 	 1.6461311157639914e-11 	 5.944671397120536e-13
0.014215645645645647 	 1.640335694913699e-11 	 5.861396473587423e-13
0.014265693693693694 	 1.6345809379816714e-11 	 5.779574635137649e-13
0.014315741741741743 	 1.6288664184829017e-11 	 5.699175561380355e-13
0.014365789789789791 	 1.623191715875599e-11 	 5.620169667481663e-13
0.014415837837837838 	 1.617556415458019e-11 	 5.542528083841715e-13
0.014465885885885887 	 1.6119601082674406e-11 	 5.466222636401299e-13
0.014515933933933935 	 1.6064023909812304e-11 	 5.391225827556387e-13
0.014565981981981982 	 1.6008828658199488e-11 	 5.317510817659822e-13
0.014616030030030031 	 1.595401140452442e-11 	 5.245051407090121e-13
0.01466607807807808 	 1.5899568279028843e-11 	 5.173822018868229e-13
0.014716126126126126 	 1.584549546459711e-11 	 5.103797681803563e-13
0.014766174174174175 	 1.5791789195864052e-11 	 5.03495401415159e-13
0.014816222222222224 	 1.5738445758340964e-11 	 4.967267207765736e-13
0.01486627027027027 	 1.568546148755919e-11 	 4.900714012727007e-13
0.01491631831831832 	 1.563283276823097e-11 	 4.835271722435434e-13
0.014966366366366368 	 1.558055603342714e-11 	 4.770918159147982e-13
0.015016414414414415 	 1.5528627763771253e-11 	 4.707631659948052e-13
0.015066462462462463 	 1.5477044486649778e-11 	 4.64539106313238e-13
0.015116510510510512 	 1.5425802775437986e-11 	 4.584175695001566e-13
0.015166558558558559 	 1.537489924874114e-11 	 4.5239653570409263e-13
0.015216606606606608 	 1.5324330569650705e-11 	 4.4647403134789763e-13
0.015266654654654656 	 1.5274093445015137e-11 	 4.406481279211168e-13
0.015316702702702703 	 1.5224184624725012e-11 	 4.3491694080770415e-13
0.015366750750750752 	 1.5174600901012085e-11 	 4.2927862814792733e-13
0.0154167987987988 	 1.5125339107762054e-11 	 4.2373138973336947e-13
0.015466846846846847 	 1.5076396119840594e-11 	 4.182734659339469e-13
0.015516894894894896 	 1.5027768852432507e-11 	 4.129031366559297e-13
0.015566942942942944 	 1.4979454260393582e-11 	 4.0761872032996364e-13
0.015616990990990991 	 1.4931449337614914e-11 	 4.0241857292813956e-13
0.015667039039039037 	 1.4883751116399416e-11 	 3.9730108700918706e-13
0.015717087087087085 	 1.4836356666850253e-11 	 3.922646907909016e-13
0.015767135135135134 	 1.4789263096270914e-11 	 3.8730784724894527e-13
0.015817183183183182 	 1.4742467548576658e-11 	 3.8242905324118543e-13
0.01586723123123123 	 1.469596720371714e-11 	 3.7762683865677823e-13
0.01591727927927928 	 1.4649759277109882e-11 	 3.7289976558921517e-13
0.015967327327327325 	 1.4603841019084427e-11 	 3.6824642753258897e-13
0.016017375375375374 	 1.4558209714336904e-11 	 3.636654486003543e-13
0.016067423423423422 	 1.4512862681394802e-11 	 3.591554827658909e-13
0.01611747147147147 	 1.4467797272091687e-11 	 3.547152131241871e-13
0.01616751951951952 	 1.4423010871051695e-11 	 3.5034335117400033e-13
0.016217567567567568 	 1.4378500895183583e-11 	 3.4603863611986195e-13
0.016267615615615613 	 1.4334264793184084e-11 	 3.417998341933207e-13
0.016317663663663662 	 1.4290300045050426e-11 	 3.376257379928334e-13
0.01636771171171171 	 1.4246604161601796e-11 	 3.335151658417417e-13
0.01641775975975976 	 1.4203174684009551e-11 	 3.2946696116378057e-13
0.016467807807807808 	 1.4160009183335981e-11 	 3.2547999187559065e-13
0.016517855855855856 	 1.4117105260081488e-11 	 3.215531497957207e-13
0.0165679039039039 	 1.4074460543739948e-11 	 3.176853500696259e-13
0.01661795195195195 	 1.4032072692362105e-11 	 3.138755306101784e-13
0.016668 	 1.3989939392126863e-11 	 3.101226515532343e-13
0.016718048048048047 	 1.394805835692023e-11 	 3.0642569472779723e-13
0.016768096096096096 	 1.3906427327921853e-11 	 3.027836631403564e-13
0.016818144144144145 	 1.3865044073198897e-11 	 2.9919558047296923e-13
0.01686819219219219 	 1.3823906387307167e-11 	 2.956604905946902e-13
0.01691824024024024 	 1.3783012090899314e-11 	 2.921774570859478e-13
0.016968288288288287 	 1.3742359030339971e-11 	 2.8874556277549277e-13
0.017018336336336336 	 1.3701945077327684e-11 	 2.853639092895468e-13
0.017068384384384384 	 1.3661768128523486e-11 	 2.8203161661279727e-13
0.017118432432432433 	 1.3621826105185984e-11 	 2.787478226608927e-13
0.017168480480480478 	 1.3582116952812857e-11 	 2.755116828641056e-13
0.017218528528528527 	 1.3542638640788554e-11 	 2.7232236976183727e-13
0.017268576576576575 	 1.3503389162038181e-11 	 2.6917907260765684e-13
0.017318624624624624 	 1.3464366532687334e-11 	 2.6608099698456516e-13
0.017368672672672673 	 1.3425568791727845e-11 	 2.6302736443019343e-13
0.01741872072072072 	 1.338699400068929e-11 	 2.6001741207165454e-13
0.017468768768768766 	 1.334864024331612e-11 	 2.57050392269766e-13
0.017518816816816815 	 1.3310505625250342e-11 	 2.5412557227238265e-13
0.017568864864864864 	 1.3272588273719649e-11 	 2.5124223387658094e-13
0.017618912912912912 	 1.3234886337230805e-11 	 2.483996730994393e-13
0.01766896096096096 	 1.3197397985268305e-11 	 2.4559719985717855e-13
0.01771900900900901 	 1.3160121407998092e-11 	 2.4283413765242237e-13
0.017769057057057055 	 1.3123054815976316e-11 	 2.401098232693534e-13
0.017819105105105103 	 1.3086196439862971e-11 	 2.3742360647654103e-13
0.017869153153153152 	 1.3049544530140384e-11 	 2.3477484973723105e-13
0.0179192012012012 	 1.3013097356836373e-11 	 2.321629279268845e-13
0.01796924924924925 	 1.2976853209252073e-11 	 2.2958722805776896e-13
0.018019297297297298 	 1.2940810395694268e-11 	 2.2704714901040547e-13
0.018069345345345343 	 1.2904967243212201e-11 	 2.2454210127168194e-13
0.018119393393393392 	 1.2869322097338704e-11 	 2.2207150667944862e-13
0.01816944144144144 	 1.2833873321835658e-11 	 2.1963479817342192e-13
0.01821948948948949 	 1.27986192984436e-11 	 2.1723141955221806e-13
0.018269537537537538 	 1.2763558426635483e-11 	 2.1486082523635452e-13
0.018319585585585586 	 1.2728689123374444e-11 	 2.125224800370535e-13
0.01836963363363363 	 1.2694009822875557e-11 	 2.1021585893069225e-13
0.01841968168168168 	 1.2659518976371436e-11 	 2.0794044683874524e-13
0.01846972972972973 	 1.262521505188169e-11 	 2.0569573841307258e-13
0.018519777777777777 	 1.2591096533986098e-11 	 2.0348123782640895e-13
0.018569825825825826 	 1.2557161923601429e-11 	 2.0129645856791304e-13
0.018619873873873875 	 1.2523409737761903e-11 	 1.9914092324364388e-13
0.01866992192192192 	 1.2489838509403152e-11 	 1.9701416338183162e-13
0.01871996996996997 	 1.2456446787149658e-11 	 1.9491571924281372e-13
0.018770018018018017 	 1.2423233135105598e-11 	 1.9284513963351592e-13
0.018820066066066066 	 1.2390196132649003e-11 	 1.9080198172635335e-13
0.018870114114114114 	 1.235733437422923e-11 	 1.8878581088243983e-13
0.018920162162162163 	 1.2324646469167608e-11 	 1.8679620047898682e-13
0.018970210210210208 	 1.2292131041461274e-11 	 1.848327317407866e-13
0.019020258258258257 	 1.2259786729590069e-11 	 1.8289499357566792e-13
0.019070306306306305 	 1.2227612186326521e-11 	 1.8098258241382603e-13
0.019120354354354354 	 1.2195606078548776e-11 	 1.7909510205092045e-13
0.019170402402402403 	 1.2163767087056463e-11 	 1.7723216349484514e-13
0.01922045045045045 	 1.2132093906389463e-11 	 1.7539338481607693e-13
0.019270498498498496 	 1.2100585244649462e-11 	 1.735783910015068e-13
0.019320546546546545 	 1.206923982332431e-11 	 1.7178681381166644e-13
0.019370594594594594 	 1.2038056377115088e-11 	 1.7001829164126188e-13
0.019420642642642642 	 1.2007033653765859e-11 	 1.6827246938292947e-13
0.01947069069069069 	 1.1976170413896022e-11 	 1.6654899829413054e-13
0.019520738738738736 	 1.1945465430835273e-11 	 1.648475358671067e-13
0.019570786786786785 	 1.1914917490461083e-11 	 1.6316774570181647e-13
0.019620834834834833 	 1.1884525391038666e-11 	 1.615092973817775e-13
0.019670882882882882 	 1.185428794306339e-11 	 1.598718663527409e-13
0.01972093093093093 	 1.182420396910558e-11 	 1.5825513380412617e-13
0.01977097897897898 	 1.179427230365771e-11 	 1.566587865531477e-13
0.019821027027027024 	 1.176449179298385e-11 	 1.550825169315634e-13
0.019871075075075073 	 1.1734861294971457e-11 	 1.535260226749815e-13
0.01992112312312312 	 1.1705379678985348e-11 	 1.5198900681466095e-13
0.01997117117117117 	 1.1676045825723894e-11 	 1.5047117757174235e-13
0.02002121921921922 	 1.1646858627077365e-11 	 1.4897224825385006e-13
0.020071267267267268 	 1.1617816985988393e-11 	 1.4749193715400552e-13
0.020121315315315313 	 1.1588919816314523e-11 	 1.4602996745179606e-13
0.02017136336336336 	 1.1560166042692789e-11 	 1.445860671167406e-13
0.02022141141141141 	 1.153155460040634e-11 	 1.4315996881380206e-13
0.02027145945945946 	 1.150308443525301e-11 	 1.4175140981098995e-13
0.020321507507507507 	 1.1474754503415837e-11 	 1.403601318890041e-13
0.020371555555555556 	 1.1446563771335492e-11 	 1.3898588125286834e-13
0.0204216036036036 	 1.1418511215584596e-11 	 1.3762840844550699e-13
0.02047165165165165 	 1.139059582274385e-11 	 1.362874682632145e-13
0.0205216996996997 	 1.136281658928002e-11 	 1.3496281967297564e-13
0.020571747747747747 	 1.1335172521425663e-11 	 1.3365422573158734e-13
0.020621795795795796 	 1.130766263506063e-11 	 1.323614535065423e-13
0.020671843843843844 	 1.1280285955595281e-11 	 1.3108427399862908e-13
0.02072189189189189 	 1.1253041517855397e-11 	 1.2982246206620956e-13
0.020771939939939938 	 1.1225928365968728e-11 	 1.2857579635113117e-13
0.020821987987987987 	 1.1198945553253244e-11 	 1.27344059206238e-13
0.020872036036036035 	 1.1172092142106913e-11 	 1.2612703662443848e-13
0.020922084084084084 	 1.114536720389912e-11 	 1.2492451816929626e-13
0.020972132132132133 	 1.1118769818863613e-11 	 1.237362969071057e-13
0.021022180180180178 	 1.109229907599298e-11 	 1.225621693404177e-13
0.021072228228228226 	 1.1065954072934643e-11 	 1.2140193534298163e-13
0.021122276276276275 	 1.1039733915888323e-11 	 1.202553980960696e-13
0.021172324324324324 	 1.1013637719504952e-11 	 1.1912236402615043e-13
0.021222372372372372 	 1.0987664606787015e-11 	 1.1800264274388154e-13
0.02127242042042042 	 1.0961813708990334e-11 	 1.1689604698438919e-13
0.021322468468468466 	 1.0936084165527178e-11 	 1.158023925488044e-13
0.021372516516516515 	 1.0910475123870766e-11 	 1.1472149824702742e-13
0.021422564564564563 	 1.0884985739461126e-11 	 1.1365318584169182e-13
0.021472612612612612 	 1.085961517561223e-11 	 1.1259727999329908e-13
0.02152266066066066 	 1.0834362603420457e-11 	 1.1155360820649796e-13
0.02157270870870871 	 1.0809227201674311e-11 	 1.1052200077748155e-13
0.021622756756756754 	 1.0784208156765407e-11 	 1.0950229074247619e-13
0.021672804804804803 	 1.0759304662600671e-11 	 1.0849431382729709e-13
0.02172285285285285 	 1.0734515920515778e-11 	 1.0749790839794682e-13
0.0217729009009009 	 1.0709841139189772e-11 	 1.0651291541223211e-13
0.02182294894894895 	 1.0685279534560854e-11 	 1.0553917837237542e-13
0.021872996996996998 	 1.0660830329743335e-11 	 1.0457654327859963e-13
0.021923045045045043 	 1.063649275494573e-11 	 1.0362485858366267e-13
0.02197309309309309 	 1.0612266047389955e-11 	 1.0268397514832119e-13
0.02202314114114114 	 1.058814945123164e-11 	 1.0175374619770189e-13
0.02207318918918919 	 1.0564142217481534e-11 	 1.0083402727856059e-13
0.022123237237237237 	 1.0540243603927953e-11 	 9.992467621740774e-14
0.022173285285285286 	 1.0516452875060292e-11 	 9.90255530794822e-14
0.02222333333333333 	 1.0492769301993573e-11 	 9.813652012855385e-14
0.02227338138138138 	 1.0469192162394005e-11 	 9.725744178753607e-14
0.02232342942942943 	 1.0445720740405545e-11 	 9.63881845998904e-14
0.022373477477477477 	 1.0422354326577449e-11 	 9.55286171918057e-14
0.022423525525525526 	 1.0399092217792793e-11 	 9.467861023513431e-14
0.022473573573573574 	 1.0375933717197934e-11 	 9.383803641106871e-14
0.02252362162162162 	 1.0352878134132945e-11 	 9.30067703745423e-14
0.022573669669669668 	 1.0329924784062936e-11 	 9.218468871933778e-14
0.022623717717717717 	 1.0307072988510316e-11 	 9.137166994388826e-14
0.022673765765765765 	 1.0284322074987934e-11 	 9.056759441775526e-14
0.022723813813813814 	 1.0261671376933113e-11 	 8.977234434876923e-14
0.022773861861861863 	 1.0239120233642564e-11 	 8.898580375081783e-14
0.022823909909909908 	 1.0216667990208124e-11 	 8.820785841226726e-14
0.022873957957957956 	 1.0194313997453363e-11 	 8.74383958650042e-14
0.022924006006006005 	 1.0172057611871026e-11 	 8.667730535408368e-14
0.022974054054054054 	 1.0149898195561279e-11 	 8.592447780797004e-14
0.023024102102102102 	 1.0127835116170753e-11 	 8.517980580935805e-14
0.02307415015015015 	 1.0105867746832406e-11 	 8.444318356656229e-14
0.023124198198198196 	 1.0083995466106145e-11 	 8.371450688546147e-14
0.023174246246246245 	 1.0062217657920228e-11 	 8.299367314198667e-14
0.023224294294294293 	 1.0040533711513415e-11 	 8.228058125514107e-14
0.023274342342342342 	 1.0018943021377879e-11 	 8.15751316605408e-14
0.02332439039039039 	 9.99744498720284e-12 	 8.08772262844643e-14
0.02337443843843844 	 9.976039013818923e-12 	 8.018676851840067e-14
0.023424486486486484 	 9.954724511143236e-12 	 7.950366319408571e-14
0.023474534534534533 	 9.933500894125153e-12 	 7.882781655901557e-14
0.02352458258258258 	 9.912367582692769e-12 	 7.815913625242746e-14
0.02357463063063063 	 9.891324001700074e-12 	 7.749753128173828e-14
0.02362467867867868 	 9.870369580874758e-12 	 7.684291199943057e-14
0.023674726726726728 	 9.849503754766702e-12 	 7.619519008037711e-14
0.023724774774774773 	 9.828725962697119e-12 	 7.555427849959453e-14
0.02377482282282282 	 9.808035648708323e-12 	 7.492009151041719e-14
0.02382487087087087 	 9.78743226151416e-12 	 7.429254462308234e-14
0.02387491891891892 	 9.766915254451022e-12 	 7.367155458371807e-14
0.023924966966966967 	 9.74648408542952e-12 	 7.305703935372559e-14
0.023975015015015016 	 9.726138216886721e-12 	 7.244891808954733e-14
0.02402506306306306 	 9.705877115739019e-12 	 7.18471111228141e-14
0.02407511111111111 	 9.685700253335554e-12 	 7.125153994086109e-14
0.024125159159159158 	 9.665607105412263e-12 	 7.066212716760818e-14
0.024175207207207207 	 9.645597152046445e-12 	 7.00787965447939e-14
0.024225255255255256 	 9.625669877611925e-12 	 6.950147291355806e-14
0.024275303303303304 	 9.605824770734771e-12 	 6.893008219636501e-14
0.02432535135135135 	 9.586061324249542e-12 	 6.83645513792604e-14
0.024375399399399398 	 9.56637903515608e-12 	 6.780480849445451e-14
0.024425447447447447 	 9.546777404576848e-12 	 6.725078260322664e-14
0.024475495495495495 	 9.527255937714768e-12 	 6.670240377914229e-14
0.024525543543543544 	 9.507814143811598e-12 	 6.61596030915783e-14
0.024575591591591592 	 9.488451536106798e-12 	 6.562231258954814e-14
0.024625639639639638 	 9.469167631796907e-12 	 6.509046528582332e-14
0.024675687687687686 	 9.44996195199542e-12 	 6.456399514134273e-14
0.024725735735735735 	 9.430834021693144e-12 	 6.404283704990581e-14
0.024775783783783784 	 9.411783369719025e-12 	 6.352692682314277e-14
0.024825831831831832 	 9.392809528701478e-12 	 6.301620117575687e-14
0.02487587987987988 	 9.373912035030156e-12 	 6.251059771103318e-14
0.024925927927927926 	 9.355090428818187e-12 	 6.201005490660803e-14
0.024975975975975975 	 9.336344253864878e-12 	 6.151451210049492e-14
0.025026024024024023 	 9.317673057618842e-12 	 6.102390947736061e-14
0.025076072072072072 	 9.299076391141596e-12 	 6.053818805504746e-14
0.02512612012012012 	 9.280553809071568e-12 	 6.005728967133638e-14
0.02517616816816817 	 9.262104869588546e-12 	 5.958115697094593e-14
0.025226216216216214 	 9.243729134378553e-12 	 5.910973339276303e-14
0.025276264264264263 	 9.225426168599127e-12 	 5.864296315730023e-14
0.02532631231231231 	 9.20719554084503e-12 	 5.818079125437585e-14
0.02537636036036036 	 9.189036823114343e-12 	 5.772316343101179e-14
0.02542640840840841 	 9.170949590774976e-12 	 5.727002617954505e-14
0.025476456456456457 	 9.152933422531568e-12 	 5.6821326725949266e-14
0.025526504504504503 	 9.134987900392784e-12 	 5.63770130183613e-14
0.02557655255255255 	 9.117112609638965e-12 	 5.5937033715809215e-14
0.0256266006006006 	 9.099307138790209e-12 	 5.5501338177138416e-14
0.02567664864864865 	 9.081571079574784e-12 	 5.506987645013076e-14
0.025726696696696697 	 9.063904026897917e-12 	 5.464259926081402e-14
0.025776744744744742 	 9.046305578810961e-12 	 5.421945800295759e-14
0.02582679279279279 	 9.028775336480911e-12 	 5.38004047277507e-14
0.02587684084084084 	 9.01131290416027e-12 	 5.338539213365987e-14
0.025926888888888888 	 8.993917889157266e-12 	 5.297437355646217e-14
0.025976936936936937 	 8.976589901806429e-12 	 5.2567302959450596e-14
0.026026984984984985 	 8.959328555439479e-12 	 5.2164134923808667e-14
0.02607703303303303 	 8.942133466356573e-12 	 5.1764824639150524e-14
0.02612708108108108 	 8.925004253797872e-12 	 5.1369327894223983e-14
0.026177129129129128 	 8.907940539915432e-12 	 5.09776010677729e-14
0.026227177177177177 	 8.89094194974543e-12 	 5.058960111955608e-14
0.026277225225225225 	 8.874008111180691e-12 	 5.020528558151968e-14
0.026327273273273274 	 8.857138654943533e-12 	 4.9824612549120174e-14
0.02637732132132132 	 8.840333214558938e-12 	 4.944754067279516e-14
0.026427369369369368 	 8.823591426327991e-12 	 4.907402914957901e-14
0.026477417417417416 	 8.806912929301663e-12 	 4.870403771486088e-14
0.026527465465465465 	 8.790297365254865e-12 	 4.8337526634282244e-14
0.026577513513513513 	 8.773744378660796e-12 	 4.797445669577123e-14
0.026627561561561562 	 8.757253616665584e-12 	 4.7614789201711425e-14
0.026677609609609607 	 8.74082472906323e-12 	 4.725848596124261e-14
0.026727657657657656 	 8.724457368270789e-12 	 4.69055092826907e-14
0.026777705705705705 	 8.708151189303883e-12 	 4.655582196612478e-14
0.026827753753753753 	 8.69190584975245e-12 	 4.6209387296038826e-14
0.026877801801801802 	 8.675721009756779e-12 	 4.5866169034155557e-14
0.02692784984984985 	 8.659596331983808e-12 	 4.552613141235039e-14
0.026977897897897896 	 8.64353148160369e-12 	 4.51892391256933e-14
0.027027945945945944 	 8.627526126266617e-12 	 4.4855457325606165e-14
0.027077993993993993 	 8.611579936079894e-12 	 4.452475161313376e-14
0.02712804204204204 	 8.595692583585282e-12 	 4.41970880323261e-14
0.02717809009009009 	 8.579863743736585e-12 	 4.387243306373016e-14
0.02722813813813814 	 8.564093093877467e-12 	 4.3550753617988936e-14
0.027278186186186184 	 8.548380313719549e-12 	 4.3232017029546014e-14
0.027328234234234233 	 8.532725085320706e-12 	 4.291619105045348e-14
0.02737828228228228 	 8.517127093063634e-12 	 4.260324384428153e-14
0.02742833033033033 	 8.501586023634643e-12 	 4.2293143980127834e-14
0.02747837837837838 	 8.486101566002665e-12 	 4.1985860426724664e-14
0.027528426426426427 	 8.470673411398514e-12 	 4.1681362546642395e-14
0.027578474474474472 	 8.455301253294359e-12 	 4.137962009058729e-14
0.02762852252252252 	 8.439984787383429e-12 	 4.108060319179206e-14
0.02767857057057057 	 8.424723711559922e-12 	 4.078428236049737e-14
0.027728618618618618 	 8.409517725899152e-12 	 4.049062847852295e-14
0.027778666666666667 	 8.394366532637894e-12 	 4.019961279392615e-14
0.027828714714714715 	 8.379269836154954e-12 	 3.9911206915747176e-14
0.02787876276276276 	 8.364227342951935e-12 	 3.962538280883851e-14
0.02792881081081081 	 8.349238761634223e-12 	 3.93421127887779e-14
0.027978858858858858 	 8.334303802892166e-12 	 3.906136951686279e-14
0.028028906906906906 	 8.319422179482463e-12 	 3.8783125995185076e-14
0.028078954954954955 	 8.30459360620975e-12 	 3.8507355561784606e-14
0.028129003003003004 	 8.289817799908378e-12 	 3.823403188588011e-14
0.02817905105105105 	 8.275094479424388e-12 	 3.796312896317624e-14
0.028229099099099098 	 8.260423365597676e-12 	 3.7694621111244965e-14
0.028279147147147146 	 8.245804181244363e-12 	 3.742848296498092e-14
0.028329195195195195 	 8.231236651139317e-12 	 3.716468947212813e-14
0.028379243243243243 	 8.2167205019989e-12 	 3.6903215888878214e-14
0.028429291291291292 	 8.20225546246387e-12 	 3.664403777553763e-14
0.028479339339339337 	 8.187841263082471e-12 	 3.63871309922635e-14
0.028529387387387386 	 8.173477636293706e-12 	 3.613247169486658e-14
0.028579435435435434 	 8.159164316410778e-12 	 3.588003633068013e-14
0.028629483483483483 	 8.14490103960471e-12 	 3.562980163449373e-14
0.028679531531531532 	 8.130687543888138e-12 	 3.538174462455069e-14
0.02872957957957958 	 8.116523569099261e-12 	 3.5135842598607925e-14
0.028779627627627626 	 8.102408856885979e-12 	 3.4892073130057745e-14
0.028829675675675674 	 8.088343150690175e-12 	 3.465041406410959e-14
0.028879723723723723 	 8.074326195732178e-12 	 3.4410843514031486e-14
0.02892977177177177 	 8.060357738995374e-12 	 3.417333985744984e-14
0.02897981981981982 	 8.046437529210984e-12 	 3.393788173270638e-14
0.02902986786786787 	 8.032565316843001e-12 	 3.370444803527177e-14
0.029079915915915914 	 8.018740854073272e-12 	 3.347301791421444e-14
0.029129963963963963 	 8.004963894786745e-12 	 3.324357076872383e-14
0.02918001201201201 	 7.991234194556867e-12 	 3.3016086244687473e-14
0.02923006006006006 	 7.97755151063112e-12 	 3.2790544231320304e-14
0.02928010810810811 	 7.963915601916722e-12 	 3.2566924857845907e-14
0.029330156156156157 	 7.950326228966464e-12 	 3.234520849022862e-14
0.029380204204204202 	 7.936783153964693e-12 	 3.2125375727955477e-14
0.02943025225225225 	 7.923286140713431e-12 	 3.190740740086729e-14
0.0294803003003003 	 7.909834954618668e-12 	 3.1691284566038337e-14
0.029530348348348348 	 7.896429362676742e-12 	 3.147698850470291e-14
0.029580396396396397 	 7.8830691334609e-12 	 3.1264500719229234e-14
0.029630444444444445 	 7.869754037107984e-12 	 3.105380293013874e-14
0.02968049249249249 	 7.856483845305233e-12 	 3.084487707317076e-14
0.02973054054054054 	 7.843258331277246e-12 	 3.0637705296391374e-14
0.029780588588588588 	 7.83007726977306e-12 	 3.043226995734613e-14
0.029830636636636636 	 7.816940437053366e-12 	 3.0228553620255426e-14
0.029880684684684685 	 7.803847610877837e-12 	 3.002653905325211e-14
0.029930732732732734 	 7.790798570492608e-12 	 2.982620922566063e-14
0.02998078078078078 	 7.777793096617872e-12 	 2.962754730531694e-14
0.030030828828828827 	 7.764830971435577e-12 	 2.9430536655928325e-14
0.030080876876876876 	 7.751911978577291e-12 	 2.923516083447303e-14
0.030130924924924925 	 7.739035903112142e-12 	 2.9041403588638215e-14
0.030180972972972973 	 7.72620253153491e-12 	 2.8849248854296426e-14
0.030231021021021022 	 7.713411651754227e-12 	 2.8658680753019444e-14
0.030281069069069067 	 7.700663053080884e-12 	 2.8469683589628894e-14
0.030331117117117116 	 7.68795652621627e-12 	 2.82822418497833e-14
0.030381165165165164 	 7.675291863240915e-12 	 2.8096340197600835e-14
0.030431213213213213 	 7.662668857603155e-12 	 2.7911963473317043e-14
0.03048126126126126 	 7.650087304107893e-12 	 2.772909669097722e-14
0.03053130930930931 	 7.637546998905488e-12 	 2.7547725036162598e-14
0.030581357357357355 	 7.625047739480744e-12 	 2.7367833863750175e-14
0.030631405405405404 	 7.612589324642002e-12 	 2.718940869570512e-14
0.030681453453453453 	 7.600171554510358e-12 	 2.7012435218905784e-14
0.0307315015015015 	 7.587794230508959e-12 	 2.683689928300027e-14
0.03078154954954955 	 7.575457155352431e-12 	 2.6662786898294508e-14
0.0308315975975976 	 7.563160133036383e-12 	 2.6490084233670896e-14
0.030881645645645644 	 7.550902968827046e-12 	 2.6318777614537486e-14
0.030931693693693692 	 7.53868546925097e-12 	 2.6148853520806584e-14
0.03098174174174174 	 7.526507442084866e-12 	 2.5980298584903146e-14
0.03103178978978979 	 7.514368696345508e-12 	 2.581309958980158e-14
0.03108183783783784 	 7.502269042279761e-12 	 2.564724346709117e-14
0.031131885885885887 	 7.49020829135469e-12 	 2.54827172950694e-14
0.031181933933933932 	 7.478186256247764e-12 	 2.5319508296862646e-14
0.03123198198198198 	 7.466202750837162e-12 	 2.5157603838574013e-14
0.031282030030030036 	 7.454257590192161e-12 	 2.4996991427457714e-14
0.03133207807807808 	 7.442350590563642e-12 	 2.4837658710119807e-14
0.03138212612612613 	 7.430481569374638e-12 	 2.4679593470744225e-14
0.031432174174174175 	 7.418650345211031e-12 	 2.4522783629344852e-14
0.031482222222222224 	 7.406856737812292e-12 	 2.4367217240041943e-14
0.03153227027027027 	 7.395100568062326e-12 	 2.4212882489363432e-14
0.03158231831831832 	 7.38338165798042e-12 	 2.4059767694570363e-14
0.03163236636636637 	 7.37169983071224e-12 	 2.3907861302005978e-14
0.03168241441441442 	 7.360054910520948e-12 	 2.3757151885468368e-14
0.03173246246246247 	 7.348446722778387e-12 	 2.3607628144606163e-14
0.031782510510510516 	 7.33687509395635e-12 	 2.3459278903336767e-14
0.031832558558558564 	 7.325339851617932e-12 	 2.3312093108287046e-14
0.03188260660660661 	 7.313840824408968e-12 	 2.316605982725599e-14
0.031932654654654655 	 7.302377842049548e-12 	 2.3021168247699002e-14
0.0319827027027027 	 7.290950735325605e-12 	 2.287740767523329e-14
0.03203275075075075 	 7.279559336080601e-12 	 2.2734767532164685e-14
0.0320827987987988 	 7.268203477207266e-12 	 2.2593237356034537e-14
0.03213284684684685 	 7.2568829926394325e-12 	 2.2452806798187363e-14
0.0321828948948949 	 7.2455977173439435e-12 	 2.2313465622358274e-14
0.032232942942942946 	 7.234347487312625e-12 	 2.21752037032802e-14
0.032282990990990995 	 7.223132139554348e-12 	 2.203801102531038e-14
0.032333039039039044 	 7.211951512087151e-12 	 2.1901877681076097e-14
0.03238308708708709 	 7.200805443930448e-12 	 2.1766793870139123e-14
0.03243313513513514 	 7.1896937750972955e-12 	 2.1632749897678608e-14
0.03248318318318318 	 7.178616346586746e-12 	 2.1499736173192383e-14
0.03253323123123123 	 7.167573000376255e-12 	 2.1367743209215922e-14
0.03258327927927928 	 7.15656357941417e-12 	 2.1236761620059274e-14
0.03263332732732733 	 7.145587927612293e-12 	 2.1106782120561167e-14
0.03268337537537538 	 7.134645889838492e-12 	 2.0977795524860354e-14
0.032733423423423426 	 7.123737311909398e-12 	 2.0849792745183725e-14
0.032783471471471475 	 7.112862040583163e-12 	 2.0722764790651212e-14
0.03283351951951952 	 7.102019923552286e-12 	 2.0596702766096862e-14
0.03288356756756757 	 7.091210809436495e-12 	 2.04715978709061e-14
0.03293361561561562 	 7.080434547775713e-12 	 2.0347441397868905e-14
0.03298366366366367 	 7.069690989023064e-12 	 2.0224224732048495e-14
0.03303371171171172 	 7.058979984537969e-12 	 2.0101939349665567e-14
0.03308375975975976 	 7.04830138657928e-12 	 1.9980576816997533e-14
0.03313380780780781 	 7.037655048298488e-12 	 1.9860128789292717e-14
0.03318385585585586 	 7.027040823733001e-12 	 1.9740587009699415e-14
0.033233903903903905 	 7.016458567799461e-12 	 1.9621943308209186e-14
0.033283951951951954 	 7.005908136287143e-12 	 1.9504189600614626e-14
0.033334 	 6.995389385851399e-12 	 1.9387317887481077e-14
0.03338404804804805 	 6.984902174007166e-12 	 1.9271320253132194e-14
0.0334340960960961 	 6.974446359122539e-12 	 1.9156188864649198e-14
0.03348414414414415 	 6.964021800412384e-12 	 1.9041915970883506e-14
0.0335341921921922 	 6.9536283579320296e-12 	 1.8928493901482605e-14
0.033584240240240246 	 6.943265892570998e-12 	 1.8815915065929008e-14
0.033634288288288294 	 6.932934266046801e-12 	 1.8704171952591963e-14
0.033684336336336336 	 6.92263334089879e-12 	 1.859325712779193e-14
0.033734384384384385 	 6.912362980482054e-12 	 1.8483163234877363e-14
0.03378443243243243 	 6.902123048961387e-12 	 1.8373882993313978e-14
0.03383448048048048 	 6.891913411305291e-12 	 1.826540919778594e-14
0.03388452852852853 	 6.881733933280044e-12 	 1.8157734717309046e-14
0.03393457657657658 	 6.8715844814438184e-12 	 1.80508524943557e-14
0.03398462462462463 	 6.8614649231408455e-12 	 1.794475554399131e-14
0.034034672672672676 	 6.851375126495642e-12 	 1.783943695302229e-14
0.034084720720720725 	 6.841314960407275e-12 	 1.7734889879155112e-14
0.034134768768768774 	 6.831284294543689e-12 	 1.763110755016657e-14
0.03418481681681682 	 6.821282999336074e-12 	 1.752808326308485e-14
0.03423486486486487 	 6.811310945973291e-12 	 1.7425810383381454e-14
0.03428491291291291 	 6.801368006396336e-12 	 1.732428234417356e-14
0.03433496096096096 	 6.791454053292862e-12 	 1.722349264543704e-14
0.03438500900900901 	 6.7815689600917456e-12 	 1.7123434853229558e-14
0.03443505705705706 	 6.771712600957695e-12 	 1.702410259892392e-14
0.03448510510510511 	 6.761884850785923e-12 	 1.6925489578451436e-14
0.034535153153153156 	 6.752085585196838e-12 	 1.682758955155503e-14
0.034585201201201204 	 6.742314680530805e-12 	 1.6730396341052113e-14
0.03463524924924925 	 6.732572013842948e-12 	 1.6633903832107076e-14
0.0346852972972973 	 6.722857462897986e-12 	 1.6538105971513108e-14
0.03473534534534535 	 6.713170906165123e-12 	 1.6442996766983348e-14
0.0347853933933934 	 6.703512222812979e-12 	 1.634857028645123e-14
0.03483544144144145 	 6.693881292704573e-12 	 1.6254820657379836e-14
0.03488548948948949 	 6.68427799639233e-12 	 1.6161742066080094e-14
0.03493553753753754 	 6.6747022151131535e-12 	 1.6069328757037814e-14
0.03498558558558559 	 6.665153830783522e-12 	 1.5977575032249353e-14
0.035035633633633635 	 6.655632725994641e-12 	 1.5886475250565813e-14
0.035085681681681684 	 6.646138784007625e-12 	 1.579602382704558e-14
0.03513572972972973 	 6.636671888748735e-12 	 1.5706215232315245e-14
0.03518577777777778 	 6.627231924804639e-12 	 1.5617043991938583e-14
0.03523582582582583 	 6.617818777417723e-12 	 1.5528504685793646e-14
0.03528587387387388 	 6.608432332481447e-12 	 1.544059194745783e-14
0.03533592192192193 	 6.599072476535729e-12 	 1.5353300463600605e-14
0.035385969969969976 	 6.589739096762377e-12 	 1.5266624973384183e-14
0.035436018018018024 	 6.580432080980548e-12 	 1.5180560267871568e-14
0.035486066066066066 	 6.571151317642265e-12 	 1.5095101189442282e-14
0.035536114114114115 	 6.561896695827954e-12 	 1.5010242631215356e-14
0.03558616216216216 	 6.552668105242023e-12 	 1.4925979536479655e-14
0.03563621021021021 	 6.5434654362084875e-12 	 1.4842306898131464e-14
0.03568625825825826 	 6.534288579666619e-12 	 1.475921975811898e-14
0.03573630630630631 	 6.52513742716664e-12 	 1.4676713206893968e-14
0.03578635435435436 	 6.516011870865451e-12 	 1.4594782382870224e-14
0.035836402402402406 	 6.506911803522395e-12 	 1.4513422471888798e-14
0.035886450450450455 	 6.497837118495054e-12 	 1.443262870669001e-14
0.035936498498498504 	 6.488787709735088e-12 	 1.4352396366391977e-14
0.03598654654654655 	 6.479763471784098e-12 	 1.4272720775975703e-14
0.0360365945945946 	 6.470764299769535e-12 	 1.4193597305776603e-14
0.03608664264264264 	 6.461790089400633e-12 	 1.4115021370982316e-14
0.03613669069069069 	 6.452840736964384e-12 	 1.4036988431136768e-14
0.03618673873873874 	 6.443916139321539e-12 	 1.3959493989650457e-14
0.03623678678678679 	 6.435016193902648e-12 	 1.3882533593316743e-14
0.03628683483483484 	 6.426140798704134e-12 	 1.3806102831834205e-14
0.036336882882882886 	 6.417289852284385e-12 	 1.3730197337334751e-14
0.036386930930930934 	 6.408463253759904e-12 	 1.3654812783917794e-14
0.03643697897897898 	 6.399660902801463e-12 	 1.3579944887189954e-14
0.03648702702702703 	 6.390882699630307e-12 	 1.3505589403810551e-14
0.03653707507507508 	 6.382128545014391e-12 	 1.3431742131042707e-14
0.03658712312312313 	 6.373398340264627e-12 	 1.3358398906309829e-14
0.03663717117117118 	 6.364691987231184e-12 	 1.3285555606757695e-14
0.03668721921921922 	 6.356009388299808e-12 	 1.3213208148821795e-14
0.03673726726726727 	 6.347350446388173e-12 	 1.3141352487800014e-14
0.036787315315315317 	 6.338715064942265e-12 	 1.3069984617430533e-14
0.036837363363363365 	 6.330103147932791e-12 	 1.299910056947487e-14
0.036887411411411414 	 6.3215145998516205e-12 	 1.2928696413306008e-14
0.03693745945945946 	 6.3129493257082525e-12 	 1.285876825550151e-14
0.03698750750750751 	 6.304407231026317e-12 	 1.2789312239441645e-14
0.03703755555555556 	 6.2958882218400965e-12 	 1.27203245449123e-14
0.03708760360360361 	 6.28739220469109e-12 	 1.2651801387712814e-14
0.03713765165165166 	 6.278919086624581e-12 	 1.2583739019268432e-14
0.037187699699699706 	 6.270468775186262e-12 	 1.2516133726247562e-14
0.037237747747747754 	 6.262041178418858e-12 	 1.2448981830183559e-14
0.037287795795795796 	 6.253636204858805e-12 	 1.2382279687101155e-14
0.037337843843843845 	 6.245253763532928e-12 	 1.2316023687147302e-14
0.03738789189189189 	 6.236893763955167e-12 	 1.2250210254226508e-14
0.03743793993993994 	 6.228556116123321e-12 	 1.2184835845640558e-14
0.03748798798798799 	 6.2202407305158146e-12 	 1.2119896951732493e-14
0.03753803603603604 	 6.211947518088493e-12 	 1.2055390095534929e-14
0.03758808408408409 	 6.20367639027145e-12 	 1.1991311832422526e-14
0.037638132132132136 	 6.195427258965866e-12 	 1.1927658749768627e-14
0.037688180180180185 	 6.187200036540891e-12 	 1.1864427466606021e-14
0.037738228228228234 	 6.17899463583053e-12 	 1.1801614633291683e-14
0.03778827627627628 	 6.170810970130571e-12 	 1.1739216931175559e-14
0.03783832432432433 	 6.162648953195536e-12 	 1.1677231072273269e-14
0.03788837237237237 	 6.1545084992356376e-12 	 1.1615653798942688e-14
0.03793842042042042 	 6.146389522913787e-12 	 1.1554481883564343e-14
0.03798846846846847 	 6.1382919393426e-12 	 1.1493712128225627e-14
0.03803851651651652 	 6.13021566408145e-12 	 1.1433341364408744e-14
0.03808856456456457 	 6.122160613133526e-12 	 1.1373366452682297e-14
0.038138612612612616 	 6.1141267029429225e-12 	 1.1313784282396542e-14
0.038188660660660664 	 6.106113850391748e-12 	 1.1254591771382234e-14
0.03823870870870871 	 6.0981219727972594e-12 	 1.1195785865652965e-14
0.03828875675675676 	 6.0901509879090235e-12 	 1.1137363539111107e-14
0.03833880480480481 	 6.082200813906089e-12 	 1.1079321793257072e-14
0.03838885285285286 	 6.074271369394188e-12 	 1.1021657656902037e-14
0.03843890090090091 	 6.066362573402958e-12 	 1.0964368185884057e-14
0.03848894894894895 	 6.058474345383191e-12 	 1.0907450462787461e-14
0.038538996996997 	 6.050606605204086e-12 	 1.0850901596665469e-14
0.038589045045045046 	 6.042759273150558e-12 	 1.0794718722766196e-14
0.038639093093093095 	 6.034932269920518e-12 	 1.073889900226163e-14
0.038689141141141144 	 6.027125516622226e-12 	 1.0683439621979983e-14
0.03873918918918919 	 6.019338934771625e-12 	 1.0628337794140959e-14
0.03878923723723724 	 6.011572446289719e-12 	 1.057359075609418e-14
0.03883928528528529 	 6.003825973499958e-12 	 1.0519195770060675e-14
0.03888933333333334 	 5.996099439125651e-12 	 1.0465150122877256e-14
0.03893938138138139 	 5.988392766287399e-12 	 1.041145112574394e-14
0.038989429429429436 	 5.980705878500538e-12 	 1.0358096113974215e-14
0.03903947747747748 	 5.973038699672618e-12 	 1.0305082446748239e-14
0.039089525525525526 	 5.9653911541008805e-12 	 1.0252407506868812e-14
0.039139573573573574 	 5.957763166469777e-12 	 1.020006870052022e-14
0.03918962162162162 	 5.950154661848496e-12 	 1.0148063457029815e-14
0.03923966966966967 	 5.942565565688502e-12 	 1.0096389228632294e-14
0.03928971771771772 	 5.934995803821108e-12 	 1.0045043490236746e-14
0.03933976576576577 	 5.927445302455055e-12 	 9.99402373919627e-15
0.03938981381381382 	 5.919913988174118e-12 	 9.943327495080343e-15
0.039439861861861866 	 5.912401787934721e-12 	 9.892952299449644e-15
0.039489909909909915 	 5.904908629063582e-12 	 9.842895715633563e-15
0.039539957957957964 	 5.897434439255364e-12 	 9.793155328510143e-15
0.03959000600600601 	 5.889979146570355e-12 	 9.74372874428863e-15
0.039640054054054054 	 5.8825426794321525e-12 	 9.694613590294359e-15
0.0396901021021021 	 5.87512496662538e-12 	 9.645807514756162e-15
0.03974015015015015 	 5.867725937293408e-12 	 9.597308186596187e-15
0.0397901981981982 	 5.860345520936101e-12 	 9.549113295222043e-15
0.03984024624624625 	 5.85298364740758e-12 	 9.501220550321319e-15
0.0398902942942943 	 5.845640246913997e-12 	 9.453627681658427e-15
0.039940342342342346 	 5.838315250011329e-12 	 9.406332438873695e-15
0.039990390390390394 	 5.831008587603191e-12 	 9.359332591284751e-15
0.04004043843843844 	 5.823720190938663e-12 	 9.312625927690148e-15
0.04009048648648649 	 5.816449991610134e-12 	 9.266210256175151e-15
0.04014053453453454 	 5.809197921551157e-12 	 9.220083403919716e-15
0.04019058258258259 	 5.801963913034336e-12 	 9.174243217008652e-15
0.04024063063063063 	 5.7947478986692055e-12 	 9.128687560243835e-15
0.04029067867867868 	 5.787549811400143e-12 	 9.083414316958575e-15
0.04034072672672673 	 5.78036958450429e-12 	 9.038421388834036e-15
0.040390774774774776 	 5.773207151589499e-12 	 8.99370669571769e-15
0.040440822822822825 	 5.766062446592276e-12 	 8.949268175443804e-15
0.040490870870870874 	 5.75893540377575e-12 	 8.905103783655881e-15
0.04054091891891892 	 5.751825957727666e-12 	 8.861211493631153e-15
0.04059096696696697 	 5.744734043358377e-12 	 8.817589296106914e-15
0.04064101501501502 	 5.737659595898858e-12 	 8.774235199108858e-15
0.04069106306306307 	 5.730602550898735e-12 	 8.731147227781268e-15
0.04074111111111112 	 5.7235628442243284e-12 	 8.688323424219107e-15
0.040791159159159165 	 5.716540412056709e-12 	 8.645761847301913e-15
0.04084120720720721 	 5.7095351908897716e-12 	 8.603460572529597e-15
0.040891255255255256 	 5.702547117528318e-12 	 8.561417691859975e-15
0.040941303303303304 	 5.695576129086157e-12 	 8.519631313548118e-15
0.04099135135135135 	 5.688622162984221e-12 	 8.47809956198747e-15
0.0410413993993994 	 5.681685156948692e-12 	 8.436820577552704e-15
0.04109144744744745 	 5.674765049009137e-12 	 8.395792516444242e-15
0.0411414954954955 	 5.667861777496674e-12 	 8.355013550534592e-15
0.04119154354354355 	 5.660975281042129e-12 	 8.314481867216224e-15
0.041241591591591596 	 5.654105498574224e-12 	 8.274195669251224e-15
0.041291639639639645 	 5.647252369317769e-12 	 8.234153174622506e-15
0.041341687687687693 	 5.640415832791873e-12 	 8.194352616386676e-15
0.04139173573573574 	 5.633595828808159e-12 	 8.154792242528492e-15
0.041441783783783784 	 5.626792297469005e-12 	 8.115470315816897e-15
0.04149183183183183 	 5.620005179165781e-12 	 8.076385113662597e-15
0.04154187987987988 	 5.613234414577119e-12 	 8.037534927977231e-15
0.04159192792792793 	 5.606479944667175e-12 	 7.998918065033996e-15
0.04164197597597598 	 5.599741710683922e-12 	 7.960532845329846e-15
0.04169202402402403 	 5.593019654157439e-12 	 7.922377603449107e-15
0.041742072072072076 	 5.586313716898224e-12 	 7.884450687928611e-15
0.041792120120120124 	 5.579623840995513e-12 	 7.846750461124276e-15
0.04184216816816817 	 5.572949968815614e-12 	 7.809275299079079e-15
0.04189221621621622 	 5.566292043000252e-12 	 7.772023591392525e-15
0.04194226426426427 	 5.559650006464926e-12 	 7.734993741091415e-15
0.04199231231231232 	 5.553023802397276e-12 	 7.698184164502088e-15
0.04204236036036036 	 5.546413374255465e-12 	 7.661593291123968e-15
0.04209240840840841 	 5.539818665766567e-12 	 7.625219563504482e-15
0.04214245645645646 	 5.533239620924978e-12 	 7.589061437115353e-15
0.042192504504504506 	 5.526676183990821e-12 	 7.553117380230119e-15
0.042242552552552555 	 5.520128299488381e-12 	 7.517385873803066e-15
0.042292600600600604 	 5.513595912204533e-12 	 7.48186541134933e-15
0.04234264864864865 	 5.5070789671872e-12 	 7.4465544988264e-15
0.0423926966966967 	 5.500577409743801e-12 	 7.411451654516761e-15
0.04244274474474475 	 5.494091185439729e-12 	 7.376555408911859e-15
0.0424927927927928 	 5.487620240096831e-12 	 7.341864304597255e-15
0.04254284084084085 	 5.481164519791896e-12 	 7.30737689613901e-15
0.042592888888888895 	 5.4747239708551625e-12 	 7.27309174997127e-15
0.04264293693693694 	 5.468298539868822e-12 	 7.239007444285007e-15
0.042692984984984986 	 5.4618881736655525e-12 	 7.205122568917972e-15
0.042743033033033034 	 5.455492819327047e-12 	 7.171435725245794e-15
0.04279308108108108 	 5.449112424182558e-12 	 7.137945526074203e-15
0.04284312912912913 	 5.442746935807451e-12 	 7.1046505955324084e-15
0.04289317717717718 	 5.4363963020217676e-12 	 7.071549568967582e-15
0.04294322522522523 	 5.430060470888805e-12 	 7.0386410928404516e-15
0.04299327327327328 	 5.4237393907136925e-12 	 7.005923824621969e-15
0.043043321321321326 	 5.417433010041994e-12 	 6.973396432691116e-15
0.043093369369369375 	 5.411141277658302e-12 	 6.941057596233664e-15
0.04314341741741742 	 5.40486414258486e-12 	 6.90890600514213e-15
0.04319346546546547 	 5.398601554080181e-12 	 6.8769403599166505e-15
0.043243513513513514 	 5.392353461637683e-12 	 6.8451593715669715e-15
0.04329356156156156 	 5.386119814984326e-12 	 6.813561761515391e-15
0.04334360960960961 	 5.3799005640792724e-12 	 6.782146261500779e-15
0.04339365765765766 	 5.373695659112538e-12 	 6.750911613483516e-15
0.04344370570570571 	 5.3675050505036706e-12 	 6.719856569551476e-15
0.04349375375375376 	 5.361328688900425e-12 	 6.68897989182695e-15
0.043543801801801806 	 5.355166525177449e-12 	 6.658280352374531e-15
0.043593849849849854 	 5.349018510434991e-12 	 6.627756733109981e-15
0.0436438978978979 	 5.342884595997595e-12 	 6.597407825709985e-15
0.04369394594594595 	 5.336764733412822e-12 	 6.567232431522881e-15
0.043743993993994 	 5.330658874449975e-12 	 6.537229361480278e-15
0.04379404204204205 	 5.324566971098827e-12 	 6.507397436009598e-15
0.04384409009009009 	 5.318488975568369e-12 	 6.477735484947509e-15
0.04389413813813814 	 5.312424840285553e-12 	 6.44824234745422e-15
0.04394418618618619 	 5.30637451789406e-12 	 6.418916871928729e-15
0.043994234234234236 	 5.300337961253057e-12 	 6.389757915924836e-15
0.044044282282282285 	 5.29431512343598e-12 	 6.360764346068082e-15
0.044094330330330334 	 5.288305957729319e-12 	 6.331935037973537e-15
0.04414437837837838 	 5.282310417631401e-12 	 6.303268876164357e-15
0.04419442642642643 	 5.276328456851201e-12 	 6.274764753991264e-15
0.04424447447447448 	 5.270360029307144e-12 	 6.2464215735527715e-15
0.04429452252252253 	 5.2644050891259255e-12 	 6.2182382456162536e-15
0.04434457057057058 	 5.2584635906413325e-12 	 6.1902136895398056e-15
0.044394618618618625 	 5.25253548839308e-12 	 6.1623468331948995e-15
0.04444466666666667 	 5.246620737125651e-12 	 6.1346366128898204e-15
0.044494714714714716 	 5.240719291787139e-12 	 6.107081973293866e-15
0.044544762762762764 	 5.234831107528114e-12 	 6.079681867362338e-15
0.04459481081081081 	 5.2289561397004795e-12 	 6.052435256262262e-15
0.04464485885885886 	 5.223094343856344e-12 	 6.02534110929887e-15
0.04469490690690691 	 5.217245675746904e-12 	 5.998398403842823e-15
0.04474495495495496 	 5.211410091321327e-12 	 5.971606125258145e-15
0.04479500300300301 	 5.205587546725649e-12 	 5.94496326683093e-15
0.044845051051051056 	 5.199777998301672e-12 	 5.918468829698697e-15
0.044895099099099105 	 5.193981402585873e-12 	 5.892121822780496e-15
0.04494514714714715 	 5.188197716308326e-12 	 5.865921262707717e-15
0.044995195195195195 	 5.182426896391619e-12 	 5.839866173755566e-15
0.045045243243243244 	 5.176668899949786e-12 	 5.813955587775236e-15
0.04509529129129129 	 5.1709236842872455e-12 	 5.7881885441267524e-15
0.04514533933933934 	 5.165191206897747e-12 	 5.7625640896125024e-15
0.04519538738738739 	 5.159471425463319e-12 	 5.737081278411396e-15
0.04524543543543544 	 5.1537642978532285e-12 	 5.711739172013711e-15
0.04529548348348349 	 5.14806978212295e-12 	 5.6865368391565666e-15
0.045345531531531535 	 5.142387836513133e-12 	 5.661473355760042e-15
0.045395579579579584 	 5.136718419448585e-12 	 5.636547804863927e-15
0.04544562762762763 	 5.131061489537256e-12 	 5.611759276565109e-15
0.04549567567567568 	 5.12541700556923e-12 	 5.587106867955557e-15
0.04554572372372373 	 5.119784926515728e-12 	 5.5625896830609385e-15
0.04559577177177177 	 5.114165211528107e-12 	 5.538206832779825e-15
0.04564581981981982 	 5.108557819936883e-12 	 5.513957434823524e-15
0.04569586786786787 	 5.102962711250739e-12 	 5.489840613656455e-15
0.04574591591591592 	 5.097379845155555e-12 	 5.4658555004371726e-15
0.045795963963963966 	 5.091809181513443e-12 	 5.442001232959912e-15
0.045846012012012015 	 5.0862506803617815e-12 	 5.418276955596751e-15
0.045896060060060064 	 5.080704301912257e-12 	 5.394681819240302e-15
0.04594610810810811 	 5.0751700065499235e-12 	 5.371214981247008e-15
0.04599615615615616 	 5.069647754832246e-12 	 5.347875605380937e-15
0.04604620420420421 	 5.064137507488181e-12 	 5.324662861758195e-15
0.04609625225225226 	 5.058639225417228e-12 	 5.3015759267918025e-15
0.04614630030030031 	 5.053152869688516e-12 	 5.278613983137181e-15
0.04619634834834835 	 5.047678401539882e-12 	 5.255776219638121e-15
0.0462463963963964 	 5.0422157823769525e-12 	 5.233061831273295e-15
0.046296444444444446 	 5.036764973772246e-12 	 5.210470019103289e-15
0.046346492492492494 	 5.03132593746427e-12 	 5.187999990218161e-15
0.04639654054054054 	 5.025898635356614e-12 	 5.165650957685456e-15
0.04644658858858859 	 5.020483029517075e-12 	 5.143422140498794e-15
0.04649663663663664 	 5.015079082176771e-12 	 5.121312763526927e-15
0.04654668468468469 	 5.009686755729253e-12 	 5.099322057463246e-15
0.04659673273273274 	 5.004306012729641e-12 	 5.077449258775847e-15
0.046646780780780786 	 4.99893681589376e-12 	 5.05569360965804e-15
0.046696828828828835 	 4.99357912809727e-12 	 5.03405435797933e-15
0.04674687687687688 	 4.9882329123748155e-12 	 5.012530757236877e-15
0.046796924924924925 	 4.98289813191918e-12 	 4.991122066507444e-15
0.046846972972972974 	 4.977574750080428e-12 	 4.9698275503997515e-15
0.04689702102102102 	 4.972262730365079e-12 	 4.948646479007361e-15
0.04694706906906907 	 4.966962036435268e-12 	 4.927578127861955e-15
0.04699711711711712 	 4.961672632107916e-12 	 4.906621777887075e-15
0.04704716516516517 	 4.95639448135391e-12 	 4.885776715352331e-15
0.04709721321321322 	 4.951127548297278e-12 	 4.865042231827992e-15
0.047147261261261265 	 4.945871797214387e-12 	 4.844417624140077e-15
0.047197309309309314 	 4.9406271925331276e-12 	 4.8239021943258305e-15
0.04724735735735736 	 4.935393698832112e-12 	 4.803495249589612e-15
0.04729740540540541 	 4.930171280839877e-12 	 4.783196102259246e-15
0.04734745345345346 	 4.924959903434095e-12 	 4.763004069742767e-15
0.0473975015015015 	 4.919759531640787e-12 	 4.742918474485565e-15
0.04744754954954955 	 4.914570130633527e-12 	 4.7229386439279235e-15
0.0474975975975976 	 4.909391665732687e-12 	 4.7030639104630326e-15
0.04754764564564565 	 4.9042241024046425e-12 	 4.683293611395295e-15
0.047597693693693696 	 4.899067406261021e-12 	 4.663627088899119e-15
0.047647741741741745 	 4.89392154305793e-12 	 4.6440636899780335e-15
0.04769778978978979 	 4.888786478695204e-12 	 4.62460276642423e-15
0.04774783783783784 	 4.883662179215648e-12 	 4.605243674778461e-15
0.04779788588588589 	 4.878548610804288e-12 	 4.585985776290334e-15
0.04784793393393394 	 4.873445739787634e-12 	 4.566828436878973e-15
0.04789798198198199 	 4.8683535326329314e-12 	 4.547771027094027e-15
0.04794803003003004 	 4.863271955947436e-12 	 4.528812922077094e-15
0.04799807807807808 	 4.858200976477673e-12 	 4.5099535015234435e-15
0.04804812612612613 	 4.853140561108725e-12 	 4.491192149644159e-15
0.048098174174174176 	 4.848090676863498e-12 	 4.472528255128587e-15
0.048148222222222224 	 4.8430512909020165e-12 	 4.453961211107162e-15
0.04819827027027027 	 4.838022370520703e-12 	 4.435490415114573e-15
0.04824831831831832 	 4.833003883151675e-12 	 4.4171152690532765e-15
0.04829836636636637 	 4.8279957963620395e-12 	 4.398835179157321e-15
0.04834841441441442 	 4.822998077853197e-12 	 4.380649555956568e-15
0.04839846246246247 	 4.818010695460146e-12 	 4.3625578142411805e-15
0.048448510510510516 	 4.81303361715079e-12 	 4.3445593730264805e-15
0.048498558558558565 	 4.80806681102526e-12 	 4.326653655518127e-15
0.04854860660660661 	 4.803110245315222e-12 	 4.308840089077603e-15
0.048598654654654655 	 4.7981638883832084e-12 	 4.291118105188034e-15
0.048648702702702704 	 4.79322770872194e-12 	 4.273487139420313e-15
0.04869875075075075 	 4.7883016749536576e-12 	 4.255946631399548e-15
0.0487487987987988 	 4.783385755829461e-12 	 4.2384960247718256e-15
0.04879884684684685 	 4.778479920228644e-12 	 4.2211347671712544e-15
0.0488488948948949 	 4.773584137158037e-12 	 4.2038623101873355e-15
0.04889894294294295 	 4.768698375751361e-12 	 4.186678109332626e-15
0.048948990990990995 	 4.763822605268571e-12 	 4.1695816240106894e-15
0.048999039039039044 	 4.758956795095214e-12 	 4.152572317484374e-15
0.04904908708708709 	 4.754100914741791e-12 	 4.135649656844322e-15
0.04909913513513514 	 4.7492549338431175e-12 	 4.118813112977841e-15
0.04914918318318319 	 4.74441882215769e-12 	 4.102062160537992e-15
0.04919923123123123 	 4.73959254956706e-12 	 4.0853962779130105e-15
0.04924927927927928 	 4.734776086075202e-12 	 4.068814947195971e-15
0.04929932732732733 	 4.729969401807904e-12 	 4.05231765415476e-15
0.04934937537537538 	 4.7251724670121385e-12 	 4.035903888202295e-15
0.049399423423423426 	 4.7203852520554504e-12 	 4.01957314236703e-15
0.049449471471471475 	 4.715607727425355e-12 	 4.003324913263727e-15
0.04949951951951952 	 4.710839863728721e-12 	 3.987158701064487e-15
0.04954956756756757 	 4.706081631691175e-12 	 3.9710740094700544e-15
0.04959961561561562 	 4.701333002156498e-12 	 3.955070345681372e-15
0.04964966366366367 	 4.696593946086034e-12 	 3.939147220371399e-15
0.04969971171171172 	 4.691864434558093e-12 	 3.92330414765718e-15
0.04974975975975977 	 4.687144438767366e-12 	 3.907540645072171e-15
0.04979980780780781 	 4.682433930024344e-12 	 3.891856233538819e-15
0.04984985585585586 	 4.677732879754724e-12 	 3.876250437341366e-15
0.049899903903903906 	 4.6730412594988465e-12 	 3.860722784098934e-15
0.049949951951951954 	 4.668359040911111e-12 	 3.845272804738826e-15
0.05 	 4.66368619575941e-12 	 3.8299000334700754e-15
