0.00035233633633633635 	 1.7870734623948732e-17 	 6.7421639168522595e-18
0.0004023843843843844 	 2.290839079418983e-17 	 3.663454189221279e-18
0.0004524324324324324 	 1.438016973979542e-16 	 2.112143315983393e-18
0.0005024804804804805 	 7.002194965687884e-16 	 1.2626741355848888e-18
0.0005525285285285286 	 9.802435053219338e-16 	 8.020369982042724e-19
0.0006025765765765767 	 1.0095255196269594e-15 	 4.5011686981309555e-19
0.0006526246246246247 	 1.1382199120489086e-15 	 2.689362470329423e-19
0.0007026726726726728 	 1.4620759919640578e-15 	 1.541480856869491e-19
0.0007527207207207208 	 2.1046178904497464e-15 	 7.592564042453539e-20
0.0008027687687687688 	 4.738087355516319e-15 	 3.146230901939859e-20
0.0008528168168168169 	 2.982369697594229e-14 	 3.214451292505648e-20
0.0009028648648648649 	 7.21258245119967e-14 	 2.571424613081156e-19
0.000952912912912913 	 9.01604386810261e-14 	 6.180039657946306e-19
0.001002960960960961 	 8.887971107884495e-14 	 5.897360448325146e-19
0.0010530090090090092 	 7.641889177423581e-14 	 4.560452884217246e-19
0.0011030570570570572 	 5.872762411033943e-14 	 3.4055906665126746e-19
0.0011531051051051051 	 4.2855993596279885e-14 	 2.200392268608478e-19
0.0012031531531531533 	 3.085379770594025e-14 	 1.2707984399890432e-19
0.0012532012012012013 	 2.2979558115821862e-14 	 7.137970663619141e-20
0.0013032492492492493 	 2.3834870332310065e-14 	 4.765683571967237e-20
0.0013532972972972973 	 2.4987149363186675e-14 	 3.6855672011756946e-20
0.0014033453453453455 	 2.4963316582483212e-14 	 2.9955588779426054e-20
0.0014533933933933935 	 2.449346211294668e-14 	 2.2176700234681308e-20
0.0015034414414414415 	 2.501603385773192e-14 	 1.4446984371481403e-20
0.0015534894894894897 	 2.705987721520197e-14 	 1.1017255788870439e-20
0.0016035375375375376 	 3.2023986961088546e-14 	 1.1879176001002517e-20
0.0016535855855855856 	 3.668068748684131e-14 	 1.4491330450828385e-20
0.0017036336336336338 	 3.8169274560360914e-14 	 1.7393258361030838e-20
0.0017536816816816818 	 4.1087675050938276e-14 	 1.956525872576658e-20
0.0018037297297297298 	 4.18662360189978e-14 	 2.2274666172008823e-20
0.001853777777777778 	 4.2546087073889846e-14 	 2.139236672300874e-20
0.001903825825825826 	 4.28841498981178e-14 	 1.8891798609782265e-20
0.001953873873873874 	 4.2564370109708167e-14 	 1.6374474227129927e-20
0.0020039219219219217 	 4.076377882248555e-14 	 1.5941339786622024e-20
0.00205396996996997 	 3.919646032251535e-14 	 1.3801534897462562e-20
0.002104018018018018 	 3.685663275071983e-14 	 1.2453021472433683e-20
0.002154066066066066 	 3.4483318731455735e-14 	 1.1256922739897437e-20
0.002204114114114114 	 3.2391957045538734e-14 	 1.020826792136602e-20
0.0022541621621621623 	 3.045441163865817e-14 	 9.28082688700256e-21
0.00230421021021021 	 2.865868868008972e-14 	 8.458029065113717e-21
0.0023542582582582582 	 2.6990160150497747e-14 	 7.725769964234257e-21
0.0024043063063063064 	 2.5438930025013173e-14 	 7.072242574629023e-21
0.002454354354354354 	 2.3993207973978808e-14 	 6.487329837668707e-21
0.0025044024024024024 	 2.2647023568077288e-14 	 5.962535300389998e-21
0.00255445045045045 	 2.1390152696287966e-14 	 5.490456559152144e-21
0.0026044984984984984 	 2.0215792272782284e-14 	 5.064800168932503e-21
0.0026545465465465466 	 1.9117588413490673e-14 	 4.680135032339717e-21
0.0027045945945945943 	 1.8089441848337286e-14 	 4.331757677188192e-21
0.0027546426426426425 	 1.7125822239595248e-14 	 4.015588796647353e-21
0.0028046906906906907 	 1.6222383396466357e-14 	 3.728088989496011e-21
0.0028547387387387385 	 1.53740079495882e-14 	 3.4661525481952326e-21
0.0029047867867867867 	 1.4577260433904504e-14 	 3.227078599698237e-21
0.002954834834834835 	 1.3827957611253154e-14 	 3.008484016017551e-21
0.0030048828828828826 	 1.312293499308375e-14 	 2.8082804132166695e-21
0.003054930930930931 	 1.2458933987824007e-14 	 2.6246222695716857e-21
0.003104978978978979 	 1.183336859684166e-14 	 2.455881983999638e-21
0.003155027027027027 	 1.1243351069253014e-14 	 2.3006130648653588e-21
0.003205075075075075 	 1.0686747822690808e-14 	 2.1575354136118087e-21
0.003255123123123123 	 1.016102226837803e-14 	 2.025505797131918e-21
0.003305171171171171 	 9.664511446225812e-15 	 1.9035095034003525e-21
0.003355219219219219 	 9.195083583158973e-15 	 1.7906361274541274e-21
0.0034052672672672674 	 8.75105090958355e-15 	 1.6860726146028909e-21
0.003455315315315315 	 8.331023051452012e-15 	 1.5890906161402738e-21
0.0035053633633633633 	 7.93327385646118e-15 	 1.4990336814545203e-21
0.0035554114114114115 	 7.556418425949713e-15 	 1.4153122529679663e-21
0.0036054594594594593 	 7.1993107108057e-15 	 1.3373954543946844e-21
0.0036555075075075075 	 6.860704088002619e-15 	 1.2648032521414997e-21
0.0037055555555555557 	 6.5395398157648415e-15 	 1.1971019731970069e-21
0.0037556036036036035 	 6.234798227276891e-15 	 1.1338987559712063e-21
0.0038056516516516516 	 5.945344821666008e-15 	 1.0748368022987528e-21
0.0038556996996997 	 5.67068155814859e-15 	 1.0195936292023123e-21
0.0039057477477477476 	 5.409602236357374e-15 	 9.678739352452845e-22
0.003955795795795796 	 5.1614974585240456e-15 	 9.194101771069132e-22
0.004005843843843844 	 4.925659398041015e-15 	 8.739580159640322e-22
0.004055891891891893 	 4.701429947134245e-15 	 8.312943709535655e-22
0.00410593993993994 	 4.48807382955978e-15 	 7.912150988806504e-22
0.004155987987987988 	 4.28520439029243e-15 	 7.535339136923301e-22
0.004206036036036037 	 4.091860966649872e-15 	 7.18079113759361e-22
0.004256084084084085 	 3.907991669922105e-15 	 6.846945788760821e-22
0.004306132132132132 	 3.732936534114826e-15 	 6.532359461289724e-22
0.004356180180180181 	 3.566110210823477e-15 	 6.2357060495279e-22
0.004406228228228229 	 3.407291106234325e-15 	 5.95576943156278e-22
0.0044562762762762765 	 3.2559517779586103e-15 	 5.691425200046713e-22
0.004506324324324325 	 3.111645226543328e-15 	 5.441637359957158e-22
0.004556372372372373 	 2.974078476251161e-15 	 5.205451059934164e-22
0.004606420420420421 	 2.8430634562331906e-15 	 4.981984755680349e-22
0.004656468468468469 	 2.71814572093487e-15 	 4.770420605148151e-22
0.004706516516516517 	 2.5990000373011264e-15 	 4.570002734094609e-22
0.004756564564564565 	 2.485387290681873e-15 	 4.3800314573449785e-22
0.0048066126126126135 	 2.37708622759926e-15 	 4.1998579941954464e-22
0.004856660660660661 	 2.273675078979009e-15 	 4.0288788589429166e-22
0.004906708708708709 	 2.1751501720809545e-15 	 3.8665362303555893e-22
0.004956756756756757 	 2.0811306630944625e-15 	 3.7123091592469025e-22
0.005006804804804805 	 1.9914624036358104e-15 	 3.565714371378079e-22
0.005056852852852853 	 1.905943301961375e-15 	 3.4263016308163425e-22
0.005106900900900901 	 1.8243553725326e-15 	 3.2936513745949567e-22
0.0051569489489489495 	 1.7465254899128374e-15 	 3.167372627315133e-22
0.005206996996996997 	 1.6723163439033262e-15 	 3.047100729325544e-22
0.005257045045045045 	 1.6015362322594703e-15 	 2.932494960553466e-22
0.005307093093093094 	 1.5340402163896417e-15 	 2.82323716373208e-22
0.0053571411411411415 	 1.4696739993952071e-15 	 2.7190298342726733e-22
0.005407189189189189 	 1.4082883958933563e-15 	 2.619594654241523e-22
0.005457237237237238 	 1.3497920513345933e-15 	 2.524671248476811e-22
0.005507285285285286 	 1.2940090854092623e-15 	 2.434015441825751e-22
0.005557333333333333 	 1.240858454108729e-15 	 2.3473986370165805e-22
0.005607381381381382 	 1.1901968659340228e-15 	 2.264606252307482e-22
0.00565742942942943 	 1.1419403462615575e-15 	 2.185437062436143e-22
0.0057074774774774776 	 1.096006898613677e-15 	 2.1097021062594397e-22
0.005757525525525526 	 1.052287245604273e-15 	 2.037223777428924e-22
0.005807573573573574 	 1.0284073985190345e-15 	 1.967870994470753e-22
0.005857621621621622 	 1.019630403470943e-15 	 1.901473389876028e-22
0.00590766966966967 	 1.0109932909874615e-15 	 1.8378526836820862e-22
0.005957717717717718 	 1.002502400067775e-15 	 1.7768706895138661e-22
0.006007765765765766 	 9.941418906759876e-16 	 1.718397136704908e-22
0.0060578138138138145 	 9.859302270228606e-16 	 1.6623092575751806e-22
0.006107861861861862 	 9.77858502418794e-16 	 1.6084911899029233e-22
0.00615790990990991 	 9.699186921475017e-16 	 1.5568335845788588e-22
0.006207957957957959 	 9.620883109517344e-16 	 1.5072331649044713e-22
0.0062580060060060064 	 9.543919117311355e-16 	 1.459592444400732e-22
0.006308054054054054 	 9.468269790561232e-16 	 1.4138192413708882e-22
0.006358102102102103 	 9.393634954162913e-16 	 1.3698263505663317e-22
0.006408150150150151 	 9.3203469841802e-16 	 1.3275313761060576e-22
0.006458198198198198 	 9.24814298945591e-16 	 1.2868562493295652e-22
0.006508246246246247 	 9.177053856075899e-16 	 1.247727099401438e-22
0.006558294294294295 	 9.106988686601038e-16 	 1.2100739387730284e-22
0.0066083423423423425 	 9.03796023958295e-16 	 1.1738304627359072e-22
0.006658390390390391 	 8.969977472179021e-16 	 1.1389338151539427e-22
0.006708438438438439 	 8.90311792839906e-16 	 1.1053243945703998e-22
0.006758486486486487 	 8.83724534254478e-16 	 1.0729456265166199e-22
0.006808534534534535 	 8.772297960282386e-16 	 1.0417438254296211e-22
0.006858582582582583 	 8.708293879026791e-16 	 1.0116680280216762e-22
0.006908630630630631 	 8.645158417379131e-16 	 9.826698158006626e-23
0.0069586786786786795 	 8.582935255627702e-16 	 9.547031958529573e-23
0.007008726726726727 	 8.521652517608891e-16 	 9.277244475123786e-23
0.007058774774774775 	 8.461242172146751e-16 	 9.016919857899093e-23
0.007108822822822824 	 8.401723581305027e-16 	 8.765662633299012e-23
0.007158870870870871 	 8.343031001270073e-16 	 8.523096383735059e-23
0.007208918918918919 	 8.285080104862702e-16 	 8.288862775802493e-23
0.007258966966966968 	 8.22792847542381e-16 	 8.062620741788329e-23
0.007309015015015016 	 8.171561428453276e-16 	 7.844045317188131e-23
0.007359063063063063 	 8.115962899670212e-16 	 7.632826848255632e-23
0.007409111111111112 	 8.06113604888897e-16 	 7.428670193354133e-23
0.00745915915915916 	 8.007047281295637e-16 	 7.231293897065236e-23
0.0075092072072072075 	 7.953705256352866e-16 	 7.040429544031727e-23
0.007559255255255256 	 7.901070069672734e-16 	 6.8558209892611e-23
0.007609303303303304 	 7.849132703321595e-16 	 6.67722379305265e-23
0.007659351351351352 	 7.79786860762174e-16 	 6.504404572544457e-23
0.0077093993993994 	 7.747213015427873e-16 	 6.337140412193477e-23
0.007759447447447448 	 7.69721208293621e-16 	 6.17521845980283e-23
0.007809495495495496 	 7.647864326587112e-16 	 6.018435278200139e-23
0.007859543543543544 	 7.599150438152953e-16 	 5.866596396590849e-23
0.007909591591591592 	 7.551106705899502e-16 	 5.719515920973669e-23
0.00795963963963964 	 7.5036613557209e-16 	 5.577015975098759e-23
0.008009687687687688 	 7.456752613753988e-16 	 5.438926399066497e-23
0.008059735735735736 	 7.410426090765183e-16 	 5.305084443559608e-23
0.008109783783783785 	 7.364667995604766e-16 	 5.1753342788160583e-23
0.008159831831831832 	 7.319477984672055e-16 	 5.0495267137848425e-23
0.00820987987987988 	 7.274901930771392e-16 	 4.92751889858768e-23
0.00825992792792793 	 7.230857442295712e-16 	 4.8091738947842757e-23
0.008309975975975976 	 7.187265037267377e-16 	 4.694360488369989e-23
0.008360024024024025 	 7.144206148633813e-16 	 4.582953026059421e-23
0.008410072072072073 	 7.101762872702313e-16 	 4.474831040623235e-23
0.00846012012012012 	 7.059808103130318e-16 	 4.369878869136536e-23
0.008510168168168169 	 7.018227625422155e-16 	 4.2679855787126563e-23
0.008560216216216218 	 6.977142709445724e-16 	 4.169044888660823e-23
0.008610264264264264 	 6.936615341453617e-16 	 4.072954765316863e-23
0.008660312312312313 	 6.896553620276668e-16 	 3.979617170752122e-23
0.008710360360360362 	 6.856929084827088e-16 	 3.8889380159820594e-23
0.008760408408408409 	 6.817750422358253e-16 	 3.8008269648356326e-23
0.008810456456456457 	 6.778960444888098e-16 	 3.715197203771478e-23
0.008860504504504506 	 6.740619705640981e-16 	 3.6319653910926274e-23
0.008910552552552553 	 6.702798438871092e-16 	 3.551051438533743e-23
0.008960600600600601 	 6.665400226150193e-16 	 3.472378268962936e-23
0.00901064864864865 	 6.628421911070038e-16 	 3.395871829338645e-23
0.009060696696696697 	 6.591845671746733e-16 	 3.321460898191207e-23
0.009110744744744746 	 6.555621462776128e-16 	 3.249076953239307e-23
0.009160792792792794 	 6.519788682747101e-16 	 3.178654118298372e-23
0.009210840840840841 	 6.484312042855658e-16 	 3.1101289634613984e-23
0.00926088888888889 	 6.449226698671524e-16 	 3.0434404746993666e-23
0.009310936936936938 	 6.414577063611743e-16 	 2.978529919175413e-23
0.009360984984984985 	 6.380293892453674e-16 	 2.915340688408107e-23
0.009411033033033034 	 6.346345763804782e-16 	 2.8538182833375373e-23
0.009461081081081082 	 6.312762989451831e-16 	 2.7939102363629245e-23
0.00951112912912913 	 6.279578168224579e-16 	 2.735565997807297e-23
0.009561177177177178 	 6.246743092889879e-16 	 2.6787368182085046e-23
0.009611225225225227 	 6.214266465130147e-16 	 2.6233757372726122e-23
0.009661273273273274 	 6.182115172942332e-16 	 2.569437465606518e-23
0.009711321321321322 	 6.150217934164588e-16 	 2.5168783186256697e-23
0.009761369369369369 	 6.118653082318565e-16 	 2.4656562325327147e-23
0.009811417417417418 	 6.087446434165751e-16 	 2.4157306108275956e-23
0.009861465465465466 	 6.056550028323561e-16 	 2.3670622571388957e-23
0.009911513513513513 	 6.025921968473379e-16 	 2.319613352966192e-23
0.009961561561561562 	 5.995613760379561e-16 	 2.273347437937529e-23
0.01001160960960961 	 5.965688324721482e-16 	 2.228229321917611e-23
0.010061657657657657 	 5.936053425559058e-16 	 2.1842249693303793e-23
0.010111705705705706 	 5.906665385985317e-16 	 2.1413015346662097e-23
0.010161753753753755 	 5.877566626714642e-16 	 2.0994273295750025e-23
0.010211801801801802 	 5.848751817427758e-16 	 2.0585717264573152e-23
0.01026184984984985 	 5.820218274356371e-16 	 2.0187051366451052e-23
0.010311897897897899 	 5.791962963150888e-16 	 1.9797989692321655e-23
0.010361945945945946 	 5.763980597428851e-16 	 1.9418255921232037e-23
0.010411993993993994 	 5.736267241232743e-16 	 1.904758296734189e-23
0.010462042042042043 	 5.708821465109124e-16 	 1.8685712632918767e-23
0.01051209009009009 	 5.681651804270513e-16 	 1.833239529761379e-23
0.010562138138138139 	 5.654739016744234e-16 	 1.7987389466473802e-23
0.010612186186186187 	 5.628076424443113e-16 	 1.765046160361604e-23
0.010662234234234234 	 5.601662300174618e-16 	 1.7321385808957804e-23
0.010712282282282283 	 5.575484163999935e-16 	 1.6999943483229284e-23
0.010762330330330331 	 5.54954950011738e-16 	 1.668592315790872e-23
0.010812378378378378 	 5.523854927592836e-16 	 1.6379120133438247e-23
0.010862426426426427 	 5.498397127802082e-16 	 1.6079336266662548e-23
0.010912474474474475 	 5.473172843001917e-16 	 1.5786379731925908e-23
0.010962522522522522 	 5.448178874940456e-16 	 1.5500064791918304e-23
0.011012570570570571 	 5.42341208350527e-16 	 1.52202115778301e-23
0.01106261861861862 	 5.398869385408287e-16 	 1.4946645878397545e-23
0.011112666666666667 	 5.374547752906167e-16 	 1.4679198937440984e-23
0.011162714714714715 	 5.350444212555136e-16 	 1.44177072595177e-23
0.011212762762762764 	 5.326555843999161e-16 	 1.4162012423329786e-23
0.01126281081081081 	 5.302879778790438e-16 	 1.3911960902544498e-23
0.01131285885885886 	 5.279413199241163e-16 	 1.3667403893701342e-23
0.011362906906906908 	 5.256154593983001e-16 	 1.3428197154320003e-23
0.011412954954954955 	 5.233106644119891e-16 	 1.3194200851604883e-23
0.011463003003003003 	 5.210262262821364e-16 	 1.2965279372047356e-23
0.011513051051051052 	 5.187628585092756e-16 	 1.2741301239287497e-23
0.011563099099099099 	 5.165187252057845e-16 	 1.2522138867982538e-23
0.011613147147147148 	 5.142920862347036e-16 	 1.2307668500034432e-23
0.011663195195195196 	 5.120845779163924e-16 	 1.2097770156621197e-23
0.011713243243243243 	 5.09896041517189e-16 	 1.1892327378659194e-23
0.011763291291291292 	 5.077261065776322e-16 	 1.1691227148002154e-23
0.01181333933933934 	 5.05574451411804e-16 	 1.1494359778036307e-23
0.011863387387387387 	 5.034409506124492e-16 	 1.1301618805454133e-23
0.011913435435435436 	 5.013253753814318e-16 	 1.1112900875390517e-23
0.011963483483483485 	 4.99227500749234e-16 	 1.0928105640624897e-23
0.012013531531531531 	 4.971471054952051e-16 	 1.0747135661969458e-23
0.01206357957957958 	 4.950840791021735e-16 	 1.0569896314790517e-23
0.012113627627627629 	 4.93038614891088e-16 	 1.0396295700831701e-23
0.012163675675675676 	 4.910099830082964e-16 	 1.022624453158112e-23
0.012213723723723724 	 4.889979765328316e-16 	 1.0059656075566198e-23
0.012263771771771773 	 4.870023919214769e-16 	 9.896446063795642e-24
0.01231381981981982 	 4.85023028940124e-16 	 9.736532610179934e-24
0.012363867867867868 	 4.830596905967978e-16 	 9.579836134833333e-24
0.012413915915915917 	 4.811121830763007e-16 	 9.42627929014205e-24
0.012463963963963964 	 4.791803156764334e-16 	 9.275786889488082e-24
0.012514012012012013 	 4.772639007457434e-16 	 9.128285838523174e-24
0.012564060060060061 	 4.753627536227642e-16 	 8.983705068891977e-24
0.012614108108108108 	 4.734766925766985e-16 	 8.841975474307716e-24
0.012664156156156157 	 4.716055387495095e-16 	 8.703029848888026e-24
0.012714204204204205 	 4.697491160993797e-16 	 8.566802827662506e-24
0.012764252252252252 	 4.679072513454988e-16 	 8.433230829167273e-24
0.012814300300300301 	 4.660797739141464e-16 	 8.302252000045547e-24
0.01286434834834835 	 4.642665158860339e-16 	 8.173806161576726e-24
0.012914396396396396 	 4.624673119448688e-16 	 8.047834758059489e-24
0.012964444444444445 	 4.606819993271125e-16 	 7.924280806977925e-24
0.013014492492492494 	 4.589104177728955e-16 	 7.80308885088247e-24
0.01306454054054054 	 4.571524094780628e-16 	 7.684204910920296e-24
0.01311458858858859 	 4.554078190473155e-16 	 7.56757644195261e-24
0.013164636636636638 	 4.536764934484224e-16 	 7.453152289198876e-24
0.013214684684684685 	 4.51958281967471e-16 	 7.340882646350437e-24
0.013264732732732733 	 4.502530361651336e-16 	 7.23071901509842e-24
0.013314780780780782 	 4.485606098339168e-16 	 7.122614166023108e-24
0.013364828828828829 	 4.468808589563744e-16 	 7.016522100793978e-24
0.013414876876876878 	 4.452136416642536e-16 	 6.912398015631886e-24
0.013464924924924926 	 4.4355881819855316e-16 	 6.810198265986697e-24
0.013514972972972973 	 4.419162508704697e-16 	 6.709880332385623e-24
0.013565021021021022 	 4.4028580402320686e-16 	 6.6114027874092545e-24
0.01361506906906907 	 4.3866734399462806e-16 	 6.5147252637541734e-24
0.013665117117117117 	 4.370607390807301e-16 	 6.419808423342463e-24
0.013715165165165166 	 4.35465859499915e-16 	 6.326613927440158e-24
0.013765213213213215 	 4.338825773580433e-16 	 6.2351044077482104e-24
0.013815261261261261 	 4.323107666142453e-16 	 6.145243438430813e-24
0.01386530930930931 	 4.3075030304747365e-16 	 6.056995509047541e-24
0.013915357357357359 	 4.292010642237769e-16 	 5.970325998356915e-24
0.013965405405405406 	 4.2766292946427824e-16 	 5.885201148960368e-24
0.014015453453453454 	 4.2613577981383847e-16 	 5.8015880427567026e-24
0.014065501501501503 	 4.2461949801038914e-16 	 5.719454577178432e-24
0.01411554954954955 	 4.2311396845491816e-16 	 5.638769442182391e-24
0.014165597597597598 	 4.216190771820908e-16 	 5.55950209796807e-24
0.014215645645645647 	 4.2013471183149227e-16 	 5.481622753398289e-24
0.014265693693693694 	 4.1866076161947493e-16 	 5.405102345097595e-24
0.014315741741741743 	 4.1719711731159604e-16 	 5.3299125172048595e-24
0.014365789789789791 	 4.1574367119563255e-16 	 5.256025601757458e-24
0.014415837837837838 	 4.143003170551568e-16 	 5.1834145996850925e-24
0.014465885885885887 	 4.1286695014366133e-16 	 5.11205316239238e-24
0.014515933933933935 	 4.1144346715921914e-16 	 5.041915573910003e-24
0.014565981981981982 	 4.100297662196662e-16 	 4.9729767335949285e-24
0.014616030030030031 	 4.086257468382932e-16 	 4.905212139361024e-24
0.01466607807807808 	 4.0723130990003626e-16 	 4.838597871422107e-24
0.014716126126126126 	 4.058463576381524e-16 	 4.773110576530012e-24
0.014766174174174175 	 4.044707936113698e-16 	 4.7087274526910146e-24
0.014816222222222224 	 4.031045226815013e-16 	 4.6454262343445834e-24
0.01486627027027027 	 4.0174745099150964e-16 	 4.583185177988886e-24
0.01491631831831832 	 4.0039948594401456e-16 	 4.521983048238188e-24
0.014966366366366368 	 3.990605361802313e-16 	 4.4617991042978005e-24
0.015016414414414415 	 3.9773051155933e-16 	 4.402613086842657e-24
0.015066462462462463 	 3.964093231382066e-16 	 4.344405205286226e-24
0.015116510510510512 	 3.9509688315165543e-16 	 4.2871561254269095e-24
0.015166558558558559 	 3.9379310499293463e-16 	 4.230846957459494e-24
0.015216606606606608 	 3.924979031947151e-16 	 4.175459244339742e-24
0.015266654654654656 	 3.9121119341040365e-16 	 4.1209749504905704e-24
0.015316702702702703 	 3.899328923958333e-16 	 4.067376450838767e-24
0.015366750750750752 	 3.886629179913101e-16 	 4.014646520171427e-24
0.0154167987987988 	 3.874011891040109e-16 	 3.962768322801926e-24
0.015466846846846847 	 3.861476256907222e-16 	 3.9117254025353216e-24
0.015516894894894896 	 3.8490214874091253e-16 	 3.861501672923659e-24
0.015566942942942944 	 3.836646802601332e-16 	 3.8120814078018984e-24
0.015616990990990991 	 3.8243514325373583e-16 	 3.763449232095453e-24
0.015667039039039037 	 3.8121346171090377e-16 	 3.7155901128907835e-24
0.015717087087087085 	 3.799995605889875e-16 	 3.668489350760653e-24
0.015767135135135134 	 3.787933657981396e-16 	 3.6221325713360505e-24
0.015817183183183182 	 3.7759480418624004e-16 	 3.576505717116938e-24
0.01586723123123123 	 3.7640380352410743e-16 	 3.5315950395144096e-24
0.01591727927927928 	 3.752202924909898e-16 	 3.487387091116969e-24
0.015967327327327325 	 3.740442006603268e-16 	 3.443868718173934e-24
0.016017375375375374 	 3.7287545848578044e-16 	 3.401027053289242e-24
0.016067423423423422 	 3.717139972875258e-16 	 3.358849508319121e-24
0.01611747147147147 	 3.7055974923879764e-16 	 3.317323767467318e-24
0.01616751951951952 	 3.6941264735268667e-16 	 3.276437780571786e-24
0.016217567567567568 	 3.682726254691807e-16 	 3.236179756577005e-24
0.016267615615615613 	 3.6713961824244434e-16 	 3.1965381571861762e-24
0.016317663663663662 	 3.660135611283333e-16 	 3.1575016906878426e-24
0.01636771171171171 	 3.6489439037213764e-16 	 3.1190593059516345e-24
0.01641775975975976 	 3.6378204299654933e-16 	 3.08120018658798e-24
0.016467807807807808 	 3.626764567898488e-16 	 3.0439137452668294e-24
0.016517855855855856 	 3.6157757029430645e-16 	 3.0071896181906034e-24
0.0165679039039039 	 3.60485322794795e-16 	 2.9710176597167334e-24
0.01661795195195195 	 3.593996543076063e-16 	 2.9353879371252754e-24
0.016668 	 3.58320505569471e-16 	 2.9002907255273264e-24
0.016718048048048047 	 3.5724781802677453e-16 	 2.8657165029099593e-24
0.016768096096096096 	 3.561815338249666e-16 	 2.831655945313704e-24
0.016818144144144145 	 3.5512159579815965e-16 	 2.7980999221385884e-24
0.01686819219219219 	 3.5406794745891245e-16 	 2.765039491574979e-24
0.01691824024024024 	 3.530205329881953e-16 	 2.732465896155515e-24
0.016968288288288287 	 3.5197929722553235e-16 	 2.700370558424617e-24
0.017018336336336336 	 3.5094418565931833e-16 	 2.6687450767220895e-24
0.017068384384384384 	 3.499151444173054e-16 	 2.63758122107751e-24
0.017118432432432433 	 3.4889212025725686e-16 	 2.606870929212174e-24
0.017168480480480478 	 3.478750605577644e-16 	 2.5766063026454797e-24
0.017218528528528527 	 3.4686391330922536e-16 	 2.546779602902705e-24
0.017268576576576575 	 3.4585862710497727e-16 	 2.5173832478213e-24
0.017318624624624624 	 3.4485915113258565e-16 	 2.488409807952807e-24
0.017368672672672673 	 3.438654351652827e-16 	 2.4598520030576935e-24
0.01741872072072072 	 3.4287742955355357e-16 	 2.431702698690447e-24
0.017468768768768766 	 3.4189508521686702e-16 	 2.4039549028723265e-24
0.017518816816816815 	 3.409183536355481e-16 	 2.3766017628493e-24
0.017568864864864864 	 3.3994718684278987e-16 	 2.3496365619327683e-24
0.017618912912912912 	 3.389815374168007e-16 	 2.323052716420676e-24
0.01766896096096096 	 3.3802135847308573e-16 	 2.296843772596809e-24
0.01771900900900901 	 3.3706660365685835e-16 	 2.2710034038060306e-24
0.017769057057057055 	 3.3611722713558086e-16 	 2.2455254076033594e-24
0.017819105105105103 	 3.3517318359162986e-16 	 2.2204037029747894e-24
0.017869153153153152 	 3.3423442821508585e-16 	 2.1956323276278967e-24
0.0179192012012012 	 3.3330091669664274e-16 	 2.1712054353502446e-24
0.01796924924924925 	 3.3237260522063664e-16 	 2.147117293433738e-24
0.018019297297297298 	 3.3144945045819023e-16 	 2.123362280163093e-24
0.018069345345345343 	 3.3053140956047156e-16 	 2.0999348823666573e-24
0.018119393393393392 	 3.296184401520639e-16 	 2.0768296930278446e-24
0.01816944144144144 	 3.2871050032444614e-16 	 2.0540414089555672e-24
0.01821948948948949 	 3.2780754862957974e-16 	 2.031564828512002e-24
0.018269537537537538 	 3.2690954407360135e-16 	 2.0093948493961526e-24
0.018319585585585586 	 3.2601644611061934e-16 	 1.9875264664816926e-24
0.01836963363363363 	 3.251282146366109e-16 	 1.965954769707596e-24
0.01841968168168168 	 3.242448099834191e-16 	 1.944674942020149e-24
0.01846972972972973 	 3.233661929128477e-16 	 1.9236822573649497e-24
0.018519777777777777 	 3.224923246108514e-16 	 1.902972078727538e-24
0.018569825825825826 	 3.2162316668181986e-16 	 1.8825398562213646e-24
0.018619873873873875 	 3.207586811429547e-16 	 1.862381125221829e-24
0.01866992192192192 	 3.19898830418736e-16 	 1.8424915045451557e-24
0.01871996996996997 	 3.1904357733547813e-16 	 1.822866694670905e-24
0.018770018018018017 	 3.181928851159726e-16 	 1.8035024760069817e-24
0.018820066066066066 	 3.173467173742161e-16 	 1.7843947071959888e-24
0.018870114114114114 	 3.1650503811022286e-16 	 1.765539323461862e-24
0.018920162162162163 	 3.1566781170491913e-16 	 1.7469323349956976e-24
0.018970210210210208 	 3.148350029151185e-16 	 1.7285698253797643e-24
0.019020258258258257 	 3.140065768685762e-16 	 1.710447950048677e-24
0.019070306306306305 	 3.1318249905912194e-16 	 1.6925629347867947e-24
0.019120354354354354 	 3.12362735341869e-16 	 1.6749110742608624e-24
0.019170402402402403 	 3.115472519284979e-16 	 1.6574887305869918e-24
0.01922045045045045 	 3.1073601538261403e-16 	 1.6402923319311087e-24
0.019270498498498496 	 3.0992899261517815e-16 	 1.6233183711419735e-24
0.019320546546546545 	 3.0912615088000684e-16 	 1.6065634044159508e-24
0.019370594594594594 	 3.0832745776934368e-16 	 1.5900240499927113e-24
0.019420642642642642 	 3.0753288120949856e-16 	 1.5736969868810656e-24
0.01947069069069069 	 3.067423894565539e-16 	 1.557578953614153e-24
0.019520738738738736 	 3.059559510921375e-16 	 1.5416667470332568e-24
0.019570786786786785 	 3.051735350192597e-16 	 1.5259572210994927e-24
0.019620834834834833 	 3.04395110458215e-16 	 1.5104472857326792e-24
0.019670882882882882 	 3.0362064694254535e-16 	 1.4951339056766904e-24
0.01972093093093093 	 3.0285011431506546e-16 	 1.4800140993906266e-24
0.01977097897897898 	 3.020834827239484e-16 	 1.4650849379651543e-24
0.019821027027027024 	 3.013207226188703e-16 	 1.4503435440633714e-24
0.019871075075075073 	 3.0056180474721383e-16 	 1.4357870908856e-24
0.01992112312312312 	 2.9980670015032813e-16 	 1.4214128011574894e-24
0.01997117117117117 	 2.990553801598455e-16 	 1.4072179461408593e-24
0.02002121921921922 	 2.9830781639405355e-16 	 1.3931998446667151e-24
0.020071267267267268 	 2.975639807543206e-16 	 1.3793558621898749e-24
0.020121315315315313 	 2.96823845421576e-16 	 1.3656834098646945e-24
0.02017136336336336 	 2.960873828528412e-16 	 1.3521799436413371e-24
0.02022141141141141 	 2.953545657778136e-16 	 1.3388429633821152e-24
0.02027145945945946 	 2.9462536719550034e-16 	 1.325670011997387e-24
0.020321507507507507 	 2.9389976037090203e-16 	 1.312658674600532e-24
0.020371555555555556 	 2.9317771883174515e-16 	 1.2998065776815476e-24
0.0204216036036036 	 2.924592163652631e-16 	 1.2871113882988073e-24
0.02047165165165165 	 2.917442270150236e-16 	 1.2745708132885294e-24
0.0205216996996997 	 2.910327250778034e-16 	 1.2621825984915422e-24
0.020571747747747747 	 2.903246851005077e-16 	 1.2499445279969133e-24
0.020621795795795796 	 2.896200818771353e-16 	 1.237854423402042e-24
0.020671843843843844 	 2.889188904457873e-16 	 1.2259101430888108e-24
0.02072189189189189 	 2.882210860857194e-16 	 1.2141095815154236e-24
0.020771939939939938 	 2.875266443144362e-16 	 1.2024506685235292e-24
0.020821987987987987 	 2.8683554088482885e-16 	 1.1909313686603009e-24
0.020872036036036035 	 2.861477517823518e-16 	 1.1795496805150717e-24
0.020922084084084084 	 2.854632532222424e-16 	 1.1683036360702153e-24
0.020972132132132133 	 2.8478202164677805e-16 	 1.1571913000659093e-24
0.021022180180180178 	 2.8410403372257425e-16 	 1.1462107693784674e-24
0.021072228228228226 	 2.8342926633792036e-16 	 1.1353601724119068e-24
0.021122276276276275 	 2.8275769660015327e-16 	 1.1246376685024505e-24
0.021172324324324324 	 2.8208930183306853e-16 	 1.1140414473356485e-24
0.021222372372372372 	 2.8142405957436793e-16 	 1.1035697283758277e-24
0.02127242042042042 	 2.8076194757314333e-16 	 1.0932207603075837e-24
0.021322468468468466 	 2.801029437873958e-16 	 1.0829928204890244e-24
0.021372516516516515 	 2.7944702638158927e-16 	 1.0728842144164981e-24
0.021422564564564563 	 2.787941737242392e-16 	 1.0628932752005384e-24
0.021472612612612612 	 2.781443643855343e-16 	 1.0530183630527623e-24
0.02152266066066066 	 2.774975771349921e-16 	 1.0432578647834697e-24
0.02157270870870871 	 2.768537909391463e-16 	 1.0336101933096955e-24
0.021622756756756754 	 2.76212984959267e-16 	 1.024073787173475e-24
0.021672804804804803 	 2.7557513854911196e-16 	 1.0146471100700843e-24
0.02172285285285285 	 2.7494023125270944e-16 	 1.0053286503860339e-24
0.0217729009009009 	 2.7430824280217143e-16 	 9.961169207465833e-25
0.02182294894894895 	 2.7367915311553677e-16 	 9.870104575725645e-25
0.021872996996996998 	 2.7305294229464396e-16 	 9.780078206462969e-25
0.021923045045045043 	 2.724295906230334e-16 	 9.691075926863985e-25
0.02197309309309309 	 2.7180907856387788e-16 	 9.603083789312729e-25
0.02202314114114114 	 2.711913867579416e-16 	 9.516088067310944e-25
0.02207318918918919 	 2.705764960215669e-16 	 9.430075251480895e-25
0.022123237237237237 	 2.699643873446882e-16 	 9.34503204564924e-25
0.022173285285285286 	 2.6935504188887267e-16 	 9.26094536301023e-25
0.02222333333333333 	 2.6874844098538816e-16 	 9.177802322366422e-25
0.02227338138138138 	 2.6814456613329594e-16 	 9.09559024444511e-25
0.02232342942942943 	 2.6754339899757037e-16 	 9.014296648288884e-25
0.022373477477477477 	 2.669449214072428e-16 	 8.933909247718573e-25
0.022423525525525526 	 2.66349115353571e-16 	 8.854415947867027e-25
0.022473573573573574 	 2.6575596298823266e-16 	 8.775804841782117e-25
0.02252362162162162 	 2.6516544662154314e-16 	 8.698064207097472e-25
0.022573669669669668 	 2.6457754872069678e-16 	 8.621182502769383e-25
0.022623717717717717 	 2.6399225190803204e-16 	 8.545148365878515e-25
0.022673765765765765 	 2.6340953895931863e-16 	 8.469950608494874e-25
0.022723813813813814 	 2.6282939280206853e-16 	 8.3955782146048e-25
0.022773861861861863 	 2.622517965138683e-16 	 8.322020337098469e-25
0.022823909909909908 	 2.6167673332073354e-16 	 8.249266294816648e-25
0.022873957957957956 	 2.611041865954854e-16 	 8.177305569655474e-25
0.022924006006006005 	 2.605341398561478e-16 	 8.106127803727892e-25
0.022974054054054054 	 2.5996657676436624e-16 	 8.035722796580585e-25
0.023024102102102102 	 2.59401481123846e-16 	 7.966080502465102e-25
0.02307415015015015 	 2.5883883687881256e-16 	 7.897191027662231e-25
0.023124198198198196 	 2.5827862811249e-16 	 7.8290446278581535e-25
0.023174246246246245 	 2.577208390456006e-16 	 7.761631705571555e-25
0.023224294294294293 	 2.5716545403488334e-16 	 7.694942807630413e-25
0.023274342342342342 	 2.5661245757163113e-16 	 7.628968622697491e-25
0.02332439039039039 	 2.5606183428024753e-16 	 7.563699978843434e-25
0.02337443843843844 	 2.555135689168216e-16 	 7.4991278411665155e-25
0.023424486486486484 	 2.549676463677209e-16 	 7.435243309457973e-25
0.023474534534534533 	 2.5442405164820314e-16 	 7.372037615912029e-25
0.02352458258258258 	 2.5388276990104493e-16 	 7.309502122879612e-25
0.02357463063063063 	 2.53343786395188e-16 	 7.247628320664838e-25
0.02362467867867868 	 2.528070865244031e-16 	 7.1864078253634e-25
0.023674726726726728 	 2.522726558059705e-16 	 7.125832376741937e-25
0.023724774774774773 	 2.517404798793771e-16 	 7.065893836157531e-25
0.02377482282282282 	 2.512105445050303e-16 	 7.006584184516512e-25
0.02382487087087087 	 2.506828355629879e-16 	 6.9478955202717325e-25
0.02387491891891892 	 2.50157339051704e-16 	 6.889820057457504e-25
0.023924966966966967 	 2.4963404108679073e-16 	 6.832350123761397e-25
0.023975015015015016 	 2.4911292789979514e-16 	 6.775478158632159e-25
0.02402506306306306 	 2.4859398583699215e-16 	 6.719196711423054e-25
0.02407511111111111 	 2.4807720135819143e-16 	 6.663498439569699e-25
0.024125159159159158 	 2.4756256103556015e-16 	 6.608376106801968e-25
0.024175207207207207 	 2.4705005155246e-16 	 6.55382258138901e-25
0.024225255255255256 	 2.465396597022982e-16 	 6.4998308344168065e-25
0.024275303303303304 	 2.460313723873936e-16 	 6.446393938097643e-25
0.02432535135135135 	 2.45525176617856e-16 	 6.39350506411074e-25
0.024375399399399398 	 2.4502105951047936e-16 	 6.341157481973424e-25
0.024425447447447447 	 2.445190082876492e-16 	 6.289344557442358e-25
0.024475495495495495 	 2.440190102762629e-16 	 6.238059750943974e-25
0.024525543543543544 	 2.4352105290666334e-16 	 6.1872966160337355e-25
0.024575591591591592 	 2.430251237115853e-16 	 6.137048797883486e-25
0.024625639639639638 	 2.425312103251155e-16 	 6.0873100317964515e-25
0.024675687687687686 	 2.4203930048166423e-16 	 6.038074141749187e-25
0.024725735735735735 	 2.4154938201495045e-16 	 5.989335038960089e-25
0.024775783783783784 	 2.410614428569984e-16 	 5.941086720483789e-25
0.024825831831831832 	 2.40575471037147e-16 	 5.893323267830993e-25
0.02487587987987988 	 2.4009145468107084e-16 	 5.846038845613259e-25
0.024925927927927926 	 2.396093820098127e-16 	 5.799227700212148e-25
0.024975975975975975 	 2.3912924133882854e-16 	 5.75288415847234e-25
0.025026024024024023 	 2.3865102107704304e-16 	 5.70700262641819e-25
0.025076072072072072 	 2.381747097259171e-16 	 5.661577587993257e-25
0.02512612012012012 	 2.377002958785262e-16 	 5.616603603822389e-25
0.02517616816816817 	 2.372277682186496e-16 	 5.572075309995852e-25
0.025226216216216214 	 2.367571155198709e-16 	 5.527987416875148e-25
0.025276264264264263 	 2.3628832664468855e-16 	 5.48433470792001e-25
0.02532631231231231 	 2.358213905436377e-16 	 5.441112038536222e-25
0.02537636036036036 	 2.3535629625442193e-16 	 5.398314334943834e-25
0.02542640840840841 	 2.3489303290105516e-16 	 5.355936593065333e-25
0.025476456456456457 	 2.3443158969301414e-16 	 5.313973877433462e-25
0.025526504504504503 	 2.3397195592440065e-16 	 5.272421320118221e-25
0.02557655255255255 	 2.3351412097311314e-16 	 5.231274119672699e-25
0.0256266006006006 	 2.33058074300029e-16 	 5.190527540097435e-25
0.02567664864864865 	 2.326038054481955e-16 	 5.150176909822834e-25
0.025726696696696697 	 2.3215130404203073e-16 	 5.110217620709379e-25
0.025776744744744742 	 2.317005597865335e-16 	 5.070645127065255e-25
0.02582679279279279 	 2.312515624665026e-16 	 5.03145494468105e-25
0.02587684084084084 	 2.308043019457654e-16 	 4.992642649881228e-25
0.025926888888888888 	 2.3035876816641444e-16 	 4.954203878592014e-25
0.025976936936936937 	 2.2991495114805424e-16 	 4.9161343254254055e-25
0.026026984984984985 	 2.294728409870556e-16 	 4.878429742778994e-25
0.02607703303303303 	 2.290324278558188e-16 	 4.841085939951263e-25
0.02612708108108108 	 2.28593702002046e-16 	 4.804098782272141e-25
0.026177129129129128 	 2.2815665374802075e-16 	 4.767464190248433e-25
0.026227177177177177 	 2.2772127348989673e-16 	 4.731178138723906e-25
0.026277225225225225 	 2.2728755169699436e-16 	 4.69523665605373e-25
0.026327273273273274 	 2.2685547891110495e-16 	 4.659635823292982e-25
0.02637732132132132 	 2.264250457458037e-16 	 4.624371773399004e-25
0.026427369369369368 	 2.259962428857694e-16 	 4.58944069044728e-25
0.026477417417417416 	 2.2556906108611307e-16 	 4.554838808860656e-25
0.026527465465465465 	 2.251434911717129e-16 	 4.520562412651565e-25
0.026577513513513513 	 2.2471952403655793e-16 	 4.4866078346770995e-25
0.026627561561561562 	 2.242971506430981e-16 	 4.4529714559066095e-25
0.026677609609609607 	 2.238763620216025e-16 	 4.419649704701678e-25
0.026727657657657656 	 2.23457149269524e-16 	 4.386639056108154e-25
0.026777705705705705 	 2.230395035508716e-16 	 4.353936031160085e-25
0.026827753753753753 	 2.226234160955898e-16 	 4.321537196195303e-25
0.026877801801801802 	 2.222088781989443e-16 	 4.289439162182434e-25
0.02692784984984985 	 2.2179588122091542e-16 	 4.257638584059151e-25
0.026977897897897896 	 2.213844165855975e-16 	 4.226132160081426e-25
0.027027945945945944 	 2.209744757806053e-16 	 4.194916631183614e-25
0.027077993993993993 	 2.205660503564874e-16 	 4.163988780349153e-25
0.02712804204204204 	 2.20159131926145e-16 	 4.1333454319916586e-25
0.02717809009009009 	 2.1975371216425843e-16 	 4.1029834513462836e-25
0.02722813813813814 	 2.1934978280671895e-16 	 4.072899743871084e-25
0.027278186186186184 	 2.1894733565006753e-16 	 4.043091254658276e-25
0.027328234234234233 	 2.1854636255093917e-16 	 4.0135549678551363e-25
0.02737828228228228 	 2.181468554255139e-16 	 3.984287906094432e-25
0.02742833033033033 	 2.177488062489735e-16 	 3.9552871299341705e-25
0.02747837837837838 	 2.1735220705496397e-16 	 3.9265497373064886e-25
0.027528426426426427 	 2.1695704993506434e-16 	 3.898072862975567e-25
0.027578474474474472 	 2.1656332703826078e-16 	 3.8698536780043525e-25
0.02762852252252252 	 2.1617103057042683e-16 	 3.8418893892299507e-25
0.02767857057057057 	 2.1578015279380898e-16 	 3.8141772387475474e-25
0.027728618618618618 	 2.1539068602651796e-16 	 3.786714503402679e-25
0.027778666666666667 	 2.1500262264202537e-16 	 3.7594984942917105e-25
0.027828714714714715 	 2.1461595506866616e-16 	 3.7325265562703926e-25
0.02787876276276276 	 2.142306757891459e-16 	 3.7057960674703168e-25
0.02792881081081081 	 2.1384677734005365e-16 	 3.679304438823168e-25
0.027978858858858858 	 2.1346425231138017e-16 	 3.6530491135926013e-25
0.028028906906906906 	 2.1308309334604118e-16 	 3.6270275669136285e-25
0.028078954954954955 	 2.1270329313940537e-16 	 3.6012373053393716e-25
0.028129003003003004 	 2.1232484443882812e-16 	 3.575675866395052e-25
0.02817905105105105 	 2.119477400431898e-16 	 3.5503408181391064e-25
0.028229099099099098 	 2.1157197280243871e-16 	 3.52522975873125e-25
0.028279147147147146 	 2.1119753561713968e-16 	 3.500340316007452e-25
0.028329195195195195 	 2.1082442143802634e-16 	 3.4756701470616e-25
0.028379243243243243 	 2.1045262326555938e-16 	 3.451216937833832e-25
0.028429291291291292 	 2.100821341494885e-16 	 3.426978402705342e-25
0.028479339339339337 	 2.097129471884193e-16 	 3.4029522840995837e-25
0.028529387387387386 	 2.093450555293848e-16 	 3.3791363520897664e-25
0.028579435435435434 	 2.0897845236742153e-16 	 3.3555284040125067e-25
0.028629483483483483 	 2.0861313094514976e-16 	 3.332126264087557e-25
0.028679531531531532 	 2.082490845523585e-16 	 3.3089277830434726e-25
0.02872957957957958 	 2.0788630652559453e-16 	 3.285930837749145e-25
0.028779627627627626 	 2.0752479024775584e-16 	 3.26313333085109e-25
0.028829675675675674 	 2.071645291476893e-16 	 3.240533190416371e-25
0.028879723723723723 	 2.0680551669979256e-16 	 3.2181283695810977e-25
0.02892977177177177 	 2.0644774642362014e-16 	 3.1959168462043765e-25
0.02897981981981982 	 2.060912118834932e-16 	 3.1738966225276068e-25
0.02902986786786787 	 2.0573590668811396e-16 	 3.152065724839085e-25
0.029079915915915914 	 2.0538182449018371e-16 	 3.130422203143765e-25
0.029129963963963963 	 2.050289589860246e-16 	 3.1089641308381087e-25
0.02918001201201201 	 2.0467730391520594e-16 	 3.0876896043899693e-25
0.02923006006006006 	 2.0432685306017366e-16 	 3.066596743023367e-25
0.02928010810810811 	 2.0397760024588398e-16 	 3.045683688408112e-25
0.029330156156156157 	 2.0362953933944081e-16 	 3.0249486043541944e-25
0.029380204204204202 	 2.0328266424973661e-16 	 3.0043896765108206e-25
0.02943025225225225 	 2.02936968927097e-16 	 2.9840051120700634e-25
0.0294803003003003 	 2.0259244736292948e-16 	 2.9637931394750365e-25
0.029530348348348348 	 2.0224909358937473e-16 	 2.943752008132475e-25
0.029580396396396397 	 2.0190690167896247e-16 	 2.9238799881297273e-25
0.029630444444444445 	 2.0156586574427007e-16 	 2.904175369955992e-25
0.02968049249249249 	 2.012259799375852e-16 	 2.8846364642278147e-25
0.02973054054054054 	 2.008872384505712e-16 	 2.8652616014187e-25
0.029780588588588588 	 2.0054963551393663e-16 	 2.846049131592832e-25
0.029830636636636636 	 2.002131653971074e-16 	 2.826997424142783e-25
0.029880684684684685 	 1.9987782240790264e-16 	 2.808104867531174e-25
0.029930732732732734 	 1.995436008922139e-16 	 2.7893698690362233e-25
0.02998078078078078 	 1.9921049523368695e-16 	 2.770790854501087e-25
0.030030828828828827 	 1.9887849985340757e-16 	 2.7523662680869653e-25
0.030080876876876876 	 1.9854760920959002e-16 	 2.734094572029903e-25
0.030130924924924925 	 1.9821781779726842e-16 	 2.715974246401191e-25
0.030180972972972973 	 1.9788912014799182e-16 	 2.698003788871358e-25
0.030231021021021022 	 1.9756151082952168e-16 	 2.680181714477668e-25
0.030281069069069067 	 1.9723498444553283e-16 	 2.6625065553950536e-25
0.030331117117117116 	 1.9690953563531688e-16 	 2.644976860710447e-25
0.030381165165165164 	 1.965851590734892e-16 	 2.6275911962004663e-25
0.030431213213213213 	 1.9626184946969816e-16 	 2.61034814411236e-25
0.03048126126126126 	 1.9593960156833782e-16 	 2.593246302948198e-25
0.03053130930930931 	 1.9561841014826279e-16 	 2.576284287252221e-25
0.030581357357357355 	 1.9529827002250648e-16 	 2.55946072740134e-25
0.030631405405405404 	 1.9497917603800186e-16 	 2.5427742693986785e-25
0.030681453453453453 	 1.9466112307530493e-16 	 2.5262235746701653e-25
0.0307315015015015 	 1.9434410604832092e-16 	 2.5098073198640857e-25
0.03078154954954955 	 1.9402811990403328e-16 	 2.493524196653561e-25
0.0308315975975976 	 1.9371315962223504e-16 	 2.4773729115419113e-25
0.030881645645645644 	 1.933992202152631e-16 	 2.461352185670851e-25
0.030931693693693692 	 1.9308629672773475e-16 	 2.4454607546314516e-25
0.03098174174174174 	 1.927743842362873e-16 	 2.429697368277887e-25
0.03103178978978979 	 1.9246347784931938e-16 	 2.414060790543823e-25
0.03108183783783784 	 1.9215357270673572e-16 	 2.3985497992615146e-25
0.031131885885885887 	 1.9184466397969357e-16 	 2.3831631859834654e-25
0.031181933933933932 	 1.9153674687035198e-16 	 2.367899755806699e-25
0.03123198198198198 	 1.9122981661162344e-16 	 2.3527583271995255e-25
0.031282030030030036 	 1.9092386846692786e-16 	 2.3377377318308185e-25
0.03133207807807808 	 1.9061889772994901e-16 	 2.3228368144017386e-25
0.03138212612612613 	 1.9031489972439284e-16 	 2.3080544324798376e-25
0.031432174174174175 	 1.900118698037489e-16 	 2.2933894563355857e-25
0.031482222222222224 	 1.8970980335105343e-16 	 2.2788407687811868e-25
0.03153227027027027 	 1.8940869577865476e-16 	 2.2644072650117068e-25
0.03158231831831832 	 1.8910854252798126e-16 	 2.2500878524484764e-25
0.03163236636636637 	 1.8880933906931117e-16 	 2.235881450584691e-25
0.03168241441441442 	 1.885110809015447e-16 	 2.22178699083322e-25
0.03173246246246247 	 1.8821376355197843e-16 	 2.207803416376571e-25
0.031782510510510516 	 1.879173825760817e-16 	 2.1939296820189623e-25
0.031832558558558564 	 1.8762193355727505e-16 	 2.1801647540404983e-25
0.03188260660660661 	 1.8732741210671093e-16 	 2.1665076100533886e-25
0.031932654654654655 	 1.8703381386305647e-16 	 2.152957238860202e-25
0.0319827027027027 	 1.8674113449227778e-16 	 2.139512640314094e-25
0.03203275075075075 	 1.8644936968742732e-16 	 2.1261728251810234e-25
0.0320827987987988 	 1.8615851516843213e-16 	 2.1129368150038676e-25
0.03213284684684685 	 1.8586856668188472e-16 	 2.0998036419684613e-25
0.0321828948948949 	 1.8557952000083574e-16 	 2.0867723487714914e-25
0.032232942942942946 	 1.8529137092458861e-16 	 2.073841988490249e-25
0.032282990990990995 	 1.8500411527849588e-16 	 2.061011624454172e-25
0.032333039039039044 	 1.8471774891375777e-16 	 2.0482803301181983e-25
0.03238308708708709 	 1.8443226770722238e-16 	 2.0356471889378564e-25
0.03243313513513514 	 1.8414766756118767e-16 	 2.023111294246096e-25
0.03248318318318318 	 1.8386394440320577e-16 	 2.0106717491318295e-25
0.03253323123123123 	 1.8358109418588827e-16 	 1.998327666320127e-25
0.03258327927927928 	 1.83299112886714e-16 	 1.9860781680540947e-25
0.03263332732732733 	 1.8301799650783843e-16 	 1.9739223859783594e-25
0.03268337537537538 	 1.8273774107590463e-16 	 1.9618594610241596e-25
0.032733423423423426 	 1.8245834264185587e-16 	 1.9498885432960133e-25
0.032783471471471475 	 1.8217979728075053e-16 	 1.9380087919599481e-25
0.03283351951951952 	 1.819021010915781e-16 	 1.9262193751332504e-25
0.03288356756756757 	 1.8162525019707685e-16 	 1.9145194697757225e-25
0.03293361561561562 	 1.8134924074355388e-16 	 1.9029082615824332e-25
0.03298366366366367 	 1.8107406890070582e-16 	 1.8913849448779136e-25
0.03303371171171172 	 1.8079973086144195e-16 	 1.879948722511812e-25
0.03308375975975976 	 1.805262228417086e-16 	 1.8685988057559518e-25
0.03313380780780781 	 1.8025354108031486e-16 	 1.8573344142027808e-25
0.03318385585585586 	 1.7998168183876063e-16 	 1.8461547756652198e-25
0.033233903903903905 	 1.797106414010654e-16 	 1.8350591260778412e-25
0.033283951951951954 	 1.7944041607359918e-16 	 1.8240467093993924e-25
0.033334 	 1.7917100218491458e-16 	 1.8131167775166341e-25
0.03338404804804805 	 1.7890239608558048e-16 	 1.802268590149468e-25
0.0334340960960961 	 1.7863459414801747e-16 	 1.7915014147573477e-25
0.03348414414414415 	 1.7836759276633435e-16 	 1.7808145264469361e-25
0.0335341921921922 	 1.7810138835616632e-16 	 1.7702072078810087e-25
0.033584240240240246 	 1.778359773545146e-16 	 1.7596787491885698e-25
0.033634288288288294 	 1.7757135621958754e-16 	 1.7492284478761762e-25
0.033684336336336336 	 1.7730752143064303e-16 	 1.7388556087404383e-25
0.033734384384384385 	 1.7704446948783215e-16 	 1.7285595437816838e-25
0.03378443243243243 	 1.7678219691204477e-16 	 1.7183395721187862e-25
0.03383448048048048 	 1.7652070024475598e-16 	 1.708195019905105e-25
0.03388452852852853 	 1.7625997604787397e-16 	 1.6981252202455496e-25
0.03393457657657658 	 1.7600002090358968e-16 	 1.6881295131147496e-25
0.03398462462462463 	 1.7574083141422693e-16 	 1.6782072452762857e-25
0.034034672672672676 	 1.7548240420209496e-16 	 1.6683577702030134e-25
0.034084720720720725 	 1.7522473590934131e-16 	 1.6585804479984171e-25
0.034134768768768774 	 1.7496782319780652e-16 	 1.6488746453190075e-25
0.03418481681681682 	 1.7471166274888e-16 	 1.6392397352977418e-25
0.03423486486486487 	 1.7445625126335713e-16 	 1.6296750974684467e-25
0.03428491291291291 	 1.7420158546129752e-16 	 1.6201801176912257e-25
0.03433496096096096 	 1.7394766208188474e-16 	 1.6107541880788557e-25
0.03438500900900901 	 1.7369447788328708e-16 	 1.6013967069241365e-25
0.03443505705705706 	 1.7344202964251954e-16 	 1.5921070786281872e-25
0.03448510510510511 	 1.7319031415530722e-16 	 1.5828847136296896e-25
0.034535153153153156 	 1.7293932823594957e-16 	 1.5737290283350349e-25
0.034585201201201204 	 1.7268906871718612e-16 	 1.56463944504939e-25
0.03463524924924925 	 1.7243953245006317e-16 	 1.555615391908656e-25
0.0346852972972973 	 1.721907163038018e-16 	 1.5466563028123106e-25
0.03473534534534535 	 1.7194261716566683e-16 	 1.5377616173571077e-25
0.0347853933933934 	 1.716952319408371e-16 	 1.5289307807716517e-25
0.03483544144144145 	 1.714485575522768e-16 	 1.5201632438518046e-25
0.03488548948948949 	 1.712025909406078e-16 	 1.5114584628969229e-25
0.03493553753753754 	 1.7095732906398322e-16 	 1.5028158996469245e-25
0.03498558558558559 	 1.70712768897962e-16 	 1.494235021220155e-25
0.035035633633633635 	 1.7046890743538469e-16 	 1.4857153000520618e-25
0.035085681681681684 	 1.7022574168625007e-16 	 1.4772562138346384e-25
0.03513572972972973 	 1.6998326867759303e-16 	 1.46885724545666e-25
0.03518577777777778 	 1.6974148545336334e-16 	 1.46051788294467e-25
0.03523582582582583 	 1.6950038907430555e-16 	 1.4522376194047232e-25
0.03528587387387388 	 1.6925997661783997e-16 	 1.444015952964879e-25
0.03533592192192193 	 1.6902024517794433e-16 	 1.4358523867184072e-25
0.035385969969969976 	 1.6878119186503707e-16 	 1.42774642866774e-25
0.035436018018018024 	 1.6854281380586088e-16 	 1.4196975916691105e-25
0.035486066066066066 	 1.6830510814336775e-16 	 1.4117053933779121e-25
0.035536114114114115 	 1.6806807203660488e-16 	 1.4037693561947355e-25
0.03558616216216216 	 1.6783170266060133e-16 	 1.3958890072120934e-25
0.03563621021021021 	 1.67595997206256e-16 	 1.3880638781618207e-25
0.03568625825825826 	 1.6736095288022617e-16 	 1.3802935053631274e-25
0.03573630630630631 	 1.671265669048172e-16 	 1.3725774296713116e-25
0.03578635435435436 	 1.6689283651787324e-16 	 1.3649151964271175e-25
0.035836402402402406 	 1.6665975897266846e-16 	 1.3573063554067236e-25
0.035886450450450455 	 1.664273315377998e-16 	 1.3497504607723631e-25
0.035936498498498504 	 1.661955514970799e-16 	 1.3422470710235558e-25
0.03598654654654655 	 1.6596441614943158e-16 	 1.3347957489489553e-25
0.0360365945945946 	 1.6573392280878283e-16 	 1.3273960615787925e-25
0.03608664264264264 	 1.655040688039627e-16 	 1.3200475801379137e-25
0.03613669069069069 	 1.652748514785981e-16 	 1.312749879999398e-25
0.03618673873873874 	 1.6504626819101158e-16 	 1.3055025406387617e-25
0.03623678678678679 	 1.648183163141198e-16 	 1.2983051455887183e-25
0.03628683483483484 	 1.645909932353329e-16 	 1.2911572823945086e-25
0.036336882882882886 	 1.643642963564545e-16 	 1.2840585425697732e-25
0.036386930930930934 	 1.6413822309358316e-16 	 1.277008521552986e-25
0.03643697897897898 	 1.6391277087701358e-16 	 1.2700068186644041e-25
0.03648702702702703 	 1.6368793715113985e-16 	 1.263053037063567e-25
0.03653707507507508 	 1.634637193743585e-16 	 1.2561467837073102e-25
0.03658712312312313 	 1.632401150189729e-16 	 1.2492876693082928e-25
0.03663717117117118 	 1.630171215710981e-16 	 1.2424753082940375e-25
0.03668721921921922 	 1.6279473653056687e-16 	 1.2357093187664736e-25
0.03673726726726727 	 1.6257295741083602e-16 	 1.2289893224619679e-25
0.036787315315315317 	 1.6235178173889392e-16 	 1.2223149447118567e-25
0.036837363363363365 	 1.6213120705516842e-16 	 1.2156858144034455e-25
0.036887411411411414 	 1.6191123091343585e-16 	 1.2091015639414929e-25
0.03693745945945946 	 1.6169185088073037e-16 	 1.2025618292101597e-25
0.03698750750750751 	 1.6147306453725442e-16 	 1.1960662495354215e-25
0.03703755555555556 	 1.6125486947628973e-16 	 1.1896144676479373e-25
0.03708760360360361 	 1.6103726330410917e-16 	 1.1832061296463708e-25
0.03713765165165166 	 1.6082024363988892e-16 	 1.1768408849611474e-25
0.037187699699699706 	 1.6060380811562191e-16 	 1.17051838631866e-25
0.037237747747747754 	 1.6038795437603166e-16 	 1.1642382897058986e-25
0.037287795795795796 	 1.6017268007848674e-16 	 1.1580002543355128e-25
0.037337843843843845 	 1.59957982892916e-16 	 1.151803942611288e-25
0.03738789189189189 	 1.597438605017247e-16 	 1.1456490200940426e-25
0.03743793993993994 	 1.5953031059971094e-16 	 1.1395351554679327e-25
0.03748798798798799 	 1.5931733089398299e-16 	 1.1334620205071593e-25
0.03753803603603604 	 1.5910491910387722e-16 	 1.1274292900430772e-25
0.03758808408408409 	 1.5889307296087674e-16 	 1.1214366419316926e-25
0.037638132132132136 	 1.5868179020853047e-16 	 1.1154837570215542e-25
0.037688180180180185 	 1.5847106860237338e-16 	 1.1095703191220268e-25
0.037738228228228234 	 1.5826090590984652e-16 	 1.1036960149719348e-25
0.03778827627627628 	 1.5805129991021864e-16 	 1.0978605342085904e-25
0.03783832432432433 	 1.5784224839450765e-16 	 1.092063569337184e-25
0.03788837237237237 	 1.5763374916540328e-16 	 1.0863048157005352e-25
0.03793842042042042 	 1.5742580003718976e-16 	 1.0805839714492043e-25
0.03798846846846847 	 1.5721839883566979e-16 	 1.074900737511964e-25
0.03803851651651652 	 1.5701154339808856e-16 	 1.0692548175666083e-25
0.03808856456456457 	 1.5680523157305863e-16 	 1.0636459180111152e-25
0.038138612612612616 	 1.5659946122048535e-16 	 1.0580737479351442e-25
0.038188660660660664 	 1.563942302114928e-16 	 1.0525380190918734e-25
0.03823870870870871 	 1.5618953642835047e-16 	 1.047038445870162e-25
0.03828875675675676 	 1.559853777644004e-16 	 1.0415747452670481e-25
0.03833880480480481 	 1.5578175212398486e-16 	 1.0361466368605592e-25
0.03838885285285286 	 1.5557865742237458e-16 	 1.0307538427828474e-25
0.03843890090090091 	 1.5537609158569782e-16 	 1.0253960876936393e-25
0.03848894894894895 	 1.5517405255086962e-16 	 1.0200730987539923e-25
0.038538996996997 	 1.5497253826552166e-16 	 1.014784605600355e-25
0.038589045045045046 	 1.547715466879331e-16 	 1.0095303403189437e-25
0.038639093093093095 	 1.545710757869612e-16 	 1.0043100374203946e-25
0.038689141141141144 	 1.5437112354197331e-16 	 9.991234338147322e-26
0.03873918918918919 	 1.541716879427787e-16 	 9.939702687866144e-26
0.03878923723723724 	 1.5397276698956125e-16 	 9.888502839708679e-26
0.03883928528528529 	 1.5377435869281272e-16 	 9.837632233283118e-26
0.03888933333333334 	 1.5357646107326623e-16 	 9.787088331218523e-26
0.03893938138138139 	 1.533790721618307e-16 	 9.736868618928611e-26
0.038989429429429436 	 1.5318218999952526e-16 	 9.686970604378204e-26
0.03903947747747748 	 1.5298581263741475e-16 	 9.637391817852419e-26
0.039089525525525526 	 1.5278993813654503e-16 	 9.588129811728438e-26
0.039139573573573574 	 1.5259456456787947e-16 	 9.539182160249994e-26
0.03918962162162162 	 1.5239969001223563e-16 	 9.490546459304388e-26
0.03923966966966967 	 1.5220531256022215e-16 	 9.442220326202051e-26
0.03928971771771772 	 1.5201143031217673e-16 	 9.394201399458674e-26
0.03933976576576577 	 1.518180413781039e-16 	 9.346487338579762e-26
0.03938981381381382 	 1.5162514387761388e-16 	 9.299075823847745e-26
0.039439861861861866 	 1.514327359398615e-16 	 9.251964556111386e-26
0.039489909909909915 	 1.5124081570348579e-16 	 9.205151256577717e-26
0.039539957957957964 	 1.5104938131654983e-16 	 9.158633666606245e-26
0.03959000600600601 	 1.508584309364814e-16 	 9.112409547505564e-26
0.039640054054054054 	 1.5066796273001363e-16 	 9.066476680332212e-26
0.0396901021021021 	 1.5047797487312642e-16 	 9.020832865691821e-26
0.03974015015015015 	 1.5028846555098828e-16 	 8.975475923542585e-26
0.0397901981981982 	 1.5009943295789845e-16 	 8.930403693000845e-26
0.03984024624624625 	 1.4991087529722962e-16 	 8.885614032148945e-26
0.0398902942942943 	 1.4972279078137098e-16 	 8.841104817845217e-26
0.039940342342342346 	 1.4953517763167172e-16 	 8.796873945536112e-26
0.039990390390390394 	 1.4934803407838496e-16 	 8.75291932907044e-26
0.04004043843843844 	 1.4916135836061206e-16 	 8.709238900515708e-26
0.04009048648648649 	 1.4897514872624754e-16 	 8.665830609976514e-26
0.04014053453453454 	 1.4878940343192412e-16 	 8.622692425414966e-26
0.04019058258258259 	 1.4860412074295836e-16 	 8.579822332473114e-26
0.04024063063063063 	 1.4841929893329667e-16 	 8.537218334297372e-26
0.04029067867867868 	 1.4823493628546168e-16 	 8.494878451364881e-26
0.04034072672672673 	 1.4805103109049898e-16 	 8.452800721311834e-26
0.040390774774774776 	 1.4786758164792458e-16 	 8.410983198763702e-26
0.040440822822822825 	 1.476845862656722e-16 	 8.369423955167338e-26
0.040490870870870874 	 1.475020432600413e-16 	 8.328121078624934e-26
0.04054091891891892 	 1.4731995095564563e-16 	 8.28707267372987e-26
0.04059096696696697 	 1.4713830768536177e-16 	 8.246276861404322e-26
0.04064101501501502 	 1.4695711179027831e-16 	 8.205731778738702e-26
0.04069106306306307 	 1.4677636161964543e-16 	 8.16543557883286e-26
0.04074111111111112 	 1.4659605553082465e-16 	 8.125386430639045e-26
0.040791159159159165 	 1.4641619188923913e-16 	 8.085582518806577e-26
0.04084120720720721 	 1.4623676906832428e-16 	 8.046022043528274e-26
0.040891255255255256 	 1.4605778544947875e-16 	 8.006703220388512e-26
0.040941303303303304 	 1.4587923942201565e-16 	 7.967624280212984e-26
0.04099135135135135 	 1.4570112938311432e-16 	 7.928783468920109e-26
0.0410413993993994 	 1.455234537377725e-16 	 7.890179047374077e-26
0.04109144744744745 	 1.4534621089875835e-16 	 7.851809291239444e-26
0.0411414954954955 	 1.4516939928656357e-16 	 7.813672490837409e-26
0.04119154354354355 	 1.4499301732935626e-16 	 7.775766951003567e-26
0.041241591591591596 	 1.448170634629344e-16 	 7.738090990947297e-26
0.041291639639639645 	 1.4464153613067965e-16 	 7.700642944112602e-26
0.041341687687687693 	 1.444664337835114e-16 	 7.66342115804053e-26
0.04139173573573574 	 1.4429175487984113e-16 	 7.626423994233038e-26
0.041441783783783784 	 1.4411749788552736e-16 	 7.589649828018375e-26
0.04149183183183183 	 1.4394366127383059e-16 	 7.553097048417877e-26
0.04154187987987988 	 1.4377024352536865e-16 	 7.516764058014259e-26
0.04159192792792793 	 1.4359724312807265e-16 	 7.48064927282128e-26
0.04164197597597598 	 1.4342465857714292e-16 	 7.444751122154861e-26
0.04169202402402403 	 1.4325248837500526e-16 	 7.409068048505543e-26
0.041742072072072076 	 1.4308073103126784e-16 	 7.373598507412356e-26
0.041792120120120124 	 1.4290938506267808e-16 	 7.338340967338048e-26
0.04184216816816817 	 1.4273844899307983e-16 	 7.303293909545604e-26
0.04189221621621622 	 1.4256792135337134e-16 	 7.268455827976183e-26
0.04194226426426427 	 1.4239780068146278e-16 	 7.233825229128252e-26
0.04199231231231232 	 1.4222808552223462e-16 	 7.199400631938098e-26
0.04204236036036036 	 1.4205877442749626e-16 	 7.165180567661599e-26
0.04209240840840841 	 1.4188986595594453e-16 	 7.131163579757204e-26
0.04214245645645646 	 1.417213586731232e-16 	 7.097348223770273e-26
0.042192504504504506 	 1.4155325115138197e-16 	 7.063733067218517e-26
0.042242552552552555 	 1.413855419698365e-16 	 7.030316689478787e-26
0.042292600600600604 	 1.41218229714328e-16 	 6.997097681674926e-26
0.04234264864864865 	 1.410513129773839e-16 	 6.964074646566963e-26
0.0423926966966967 	 1.4088479035817806e-16 	 6.931246198441368e-26
0.04244274474474475 	 1.4071866046249176e-16 	 6.898610963002513e-26
0.0424927927927928 	 1.4055292190267465e-16 	 6.866167577265281e-26
0.04254284084084085 	 1.4038757329760628e-16 	 6.833914689448815e-26
0.042592888888888895 	 1.402226132726576e-16 	 6.801850958871374e-26
0.04264293693693694 	 1.4005804045965294e-16 	 6.769975055846297e-26
0.042692984984984986 	 1.3989385349683211e-16 	 6.738285661579078e-26
0.042743033033033034 	 1.3973005102881291e-16 	 6.706781468065516e-26
0.04279308108108108 	 1.3956663170655387e-16 	 6.675461177990944e-26
0.04284312912912913 	 1.3940359418731712e-16 	 6.644323504630487e-26
0.04289317717717718 	 1.3924093713463158e-16 	 6.613367171750388e-26
0.04294322522522523 	 1.3907865921825665e-16 	 6.58259091351039e-26
0.04299327327327328 	 1.3891675911414568e-16 	 6.55199347436707e-26
0.043043321321321326 	 1.3875523550441022e-16 	 6.521573608978275e-26
0.043093369369369375 	 1.38594087077284e-16 	 6.49133008210846e-26
0.04314341741741742 	 1.3843331252708764e-16 	 6.46126166853509e-26
0.04319346546546547 	 1.3827291055419327e-16 	 6.431367152955975e-26
0.043243513513513514 	 1.3811287986498953e-16 	 6.401645329897577e-26
0.04329356156156156 	 1.3795321917184674e-16 	 6.372095003624262e-26
0.04334360960960961 	 1.377939271930826e-16 	 6.34271498804854e-26
0.04339365765765766 	 1.3763500265292756e-16 	 6.313504106642148e-26
0.04344370570570571 	 1.3747644428149096e-16 	 6.284461192348131e-26
0.04349375375375376 	 1.3731825081472724e-16 	 6.255585087493798e-26
0.043543801801801806 	 1.3716042099440216e-16 	 6.226874643704588e-26
0.043593849849849854 	 1.370029535680596e-16 	 6.198328721818803e-26
0.0436438978978979 	 1.3684584728898849e-16 	 6.16994619180326e-26
0.04369394594594595 	 1.3668910091618966e-16 	 6.141725932669768e-26
0.043743993993994 	 1.3653271321434338e-16 	 6.113666832392478e-26
0.04379404204204205 	 1.3637668295377682e-16 	 6.085767787826109e-26
0.04384409009009009 	 1.3622100891043191e-16 	 6.058027704624977e-26
0.04389413813813814 	 1.3606568986583315e-16 	 6.030445497162845e-26
0.04394418618618619 	 1.3591072460705595e-16 	 6.003020088453653e-26
0.043994234234234236 	 1.3575611192669506e-16 	 5.975750410072988e-26
0.044044282282282285 	 1.356018506228332e-16 	 5.948635402080406e-26
0.044094330330330334 	 1.3544793949900993e-16 	 5.921674012942524e-26
0.04414437837837838 	 1.3529437736419062e-16 	 5.894865199456884e-26
0.04419442642642643 	 1.351411630327358e-16 	 5.868207926676624e-26
0.04424447447447448 	 1.349882953243707e-16 	 5.841701167835889e-26
0.04429452252252253 	 1.3483577306415482e-16 	 5.815343904276009e-26
0.04434457057057058 	 1.3468359508245193e-16 	 5.789135125372417e-26
0.044394618618618625 	 1.3453176021490015e-16 	 5.763073828462325e-26
0.04444466666666667 	 1.3438026730238219e-16 	 5.737159018773121e-26
0.044494714714714716 	 1.342291151909959e-16 	 5.711389709351465e-26
0.044544762762762764 	 1.3407830273202506e-16 	 5.685764920993163e-26
0.04459481081081081 	 1.3392782878191007e-16 	 5.660283682173677e-26
0.04464485885885886 	 1.3377769220221925e-16 	 5.63494502897939e-26
0.04469490690690691 	 1.3362789185962007e-16 	 5.609748005039533e-26
0.04474495495495496 	 1.334784266258505e-16 	 5.58469166145879e-26
0.04479500300300301 	 1.3332929537769097e-16 	 5.55977505675063e-26
0.044845051051051056 	 1.331804969969359e-16 	 5.534997256771225e-26
0.044895099099099105 	 1.3303203037036597e-16 	 5.510357334654104e-26
0.04494514714714715 	 1.3288389438972033e-16 	 5.485854370745436e-26
0.044995195195195195 	 1.3273608795166895e-16 	 5.461487452539932e-26
0.045045243243243244 	 1.325886099577853e-16 	 5.437255674617437e-26
0.04509529129129129 	 1.3244145931451907e-16 	 5.413158138580111e-26
0.04514533933933934 	 1.3229463493316924e-16 	 5.389193952990262e-26
0.04519538738738739 	 1.3214813572985712e-16 	 5.365362233308783e-26
0.04524543543543544 	 1.320019606254998e-16 	 5.341662101834218e-26
0.04529548348348349 	 1.318561085457835e-16 	 5.318092687642399e-26
0.045345531531531535 	 1.3171057842113737e-16 	 5.294653126526732e-26
0.045395579579579584 	 1.3156536918670736e-16 	 5.271342560939022e-26
0.04544562762762763 	 1.3142047978233016e-16 	 5.248160139930928e-26
0.04549567567567568 	 1.312759091525074e-16 	 5.225105019095964e-26
0.04554572372372373 	 1.3113165624638018e-16 	 5.202176360512089e-26
0.04559577177177177 	 1.3098772001770332e-16 	 5.179373332684858e-26
0.04564581981981982 	 1.308440994248204e-16 	 5.156695110491142e-26
0.04569586786786787 	 1.3070079343063835e-16 	 5.1341408751233845e-26
0.04574591591591592 	 1.3055780100260264e-16 	 5.111709814034425e-26
0.045795963963963966 	 1.3041512111267243e-16 	 5.0894011208828474e-26
0.045846012012012015 	 1.3027275273729598e-16 	 5.0672139954788827e-26
0.045896060060060064 	 1.301306948573861e-16 	 5.045147643730818e-26
0.04594610810810811 	 1.2998894645829595e-16 	 5.023201277591961e-26
0.04599615615615616 	 1.2984750652979465e-16 	 5.0013741150080826e-26
0.04604620420420421 	 1.2970637406604364e-16 	 4.979665379865423e-26
0.04609625225225226 	 1.2956554806557246e-16 	 4.958074301939151e-26
0.04614630030030031 	 1.2942502753125533e-16 	 4.936600116842374e-26
0.04619634834834835 	 1.2928481147028746e-16 	 4.915242065975604e-26
0.0462463963963964 	 1.2914489889416184e-16 	 4.893999396476752e-26
0.046296444444444446 	 1.2900528881864572e-16 	 4.8728713611715745e-26
0.046346492492492494 	 1.2886598026375793e-16 	 4.851857218524635e-26
0.04639654054054054 	 1.2872697225374556e-16 	 4.830956232590692e-26
0.04644658858858859 	 1.2858826381706136e-16 	 4.8101676729666124e-26
0.04649663663663664 	 1.2844985398634127e-16 	 4.7894908147437334e-26
0.04654668468468469 	 1.2831174179838155e-16 	 4.7689249384606376e-26
0.04659673273273274 	 1.2817392629411673e-16 	 4.7484693300564575e-26
0.046646780780780786 	 1.2803640651859736e-16 	 4.7281232808245885e-26
0.046696828828828835 	 1.2789918152096782e-16 	 4.707886087366844e-26
0.04674687687687688 	 1.2776225035444462e-16 	 4.6877570515480673e-26
0.046796924924924925 	 1.2762561207629442e-16 	 4.6677354804511877e-26
0.046846972972972974 	 1.2748926574781254e-16 	 4.647820686332665e-26
0.04689702102102102 	 1.273532104343013e-16 	 4.628011986578421e-26
0.04694706906906907 	 1.2721744520504893e-16 	 4.608308703660151e-26
0.04699711711711712 	 1.2708196913330806e-16 	 4.58871016509206e-26
0.04704716516516517 	 1.2694678129627484e-16 	 4.5692157033880325e-26
0.04709721321321322 	 1.268118807750678e-16 	 4.5498246560191775e-26
0.047147261261261265 	 1.2667726665470723e-16 	 4.5305363653718126e-26
0.047197309309309314 	 1.265429380240944e-16 	 4.5113501787058415e-26
0.04724735735735736 	 1.2640889397599094e-16 	 4.4922654481134847e-26
0.04729740540540541 	 1.2627513360699852e-16 	 4.4732815304784767e-26
0.04734745345345346 	 1.2614165601753848e-16 	 4.4543977874355927e-26
0.0473975015015015 	 1.2600846031183184e-16 	 4.4356135853305873e-26
0.04744754954954955 	 1.2587554559787886e-16 	 4.416928295180478e-26
0.0474975975975976 	 1.2574291098743967e-16 	 4.3983412926342764e-26
0.04754764564564565 	 1.2561055559601395e-16 	 4.379851957933997e-26
0.047597693693693696 	 1.2547847854282168e-16 	 4.3614596758761196e-26
0.047647741741741745 	 1.2534667895078335e-16 	 4.3431638357733596e-26
0.04769778978978979 	 1.252151559465008e-16 	 4.3249638314168247e-26
0.04774783783783784 	 1.2508390866023755e-16 	 4.30685906103851e-26
0.04779788588588589 	 1.2495293622589993e-16 	 4.288848927274168e-26
0.04784793393393394 	 1.24822237781018e-16 	 4.27093283712652e-26
0.04789798198198199 	 1.2469181246672647e-16 	 4.253110201928793e-26
0.04794803003003004 	 1.2456165942774607e-16 	 4.235380437308634e-26
0.04799807807807808 	 1.2443177781236464e-16 	 4.217742963152323e-26
0.04804812612612613 	 1.243021667724188e-16 	 4.200197203569359e-26
0.048098174174174176 	 1.2417282546327524e-16 	 4.1827425868573507e-26
0.048148222222222224 	 1.2404375304381256e-16 	 4.165378545467244e-26
0.04819827027027027 	 1.2391494867640302e-16 	 4.1481045159688816e-26
0.04824831831831832 	 1.2378641152689426e-16 	 4.130919939016869e-26
0.04829836636636637 	 1.2365814076459146e-16 	 4.113824259316753e-26
0.04834841441441442 	 1.235301355622394e-16 	 4.0968169255915587e-26
0.04839846246246247 	 1.2340239509600465e-16 	 4.079897390548577e-26
0.048448510510510516 	 1.2327491854545784e-16 	 4.0630651108464994e-26
0.048498558558558565 	 1.2314770509355632e-16 	 4.0463195470628494e-26
0.04854860660660661 	 1.2302075392662644e-16 	 4.0296601636617166e-26
0.048598654654654655 	 1.228940642343463e-16 	 4.013086428961773e-26
0.048648702702702704 	 1.2276763520972858e-16 	 3.9965978151046076e-26
0.04869875075075075 	 1.2264146604910332e-16 	 3.9801937980233453e-26
0.0487487987987988 	 1.2251555595210088e-16 	 3.96387385741155e-26
0.04879884684684685 	 1.2238990412163513e-16 	 3.947637476692425e-26
0.0488488948948949 	 1.222645097638865e-16 	 3.931484142988283e-26
0.04889894294294295 	 1.2213937208828532e-16 	 3.9154133470903064e-26
0.048948990990990995 	 1.220144903074952e-16 	 3.8994245834285794e-26
0.048999039039039044 	 1.2188986363739663e-16 	 3.883517350042419e-26
0.04904908708708709 	 1.217654912970702e-16 	 3.8676911485509207e-26
0.04909913513513514 	 1.2164137250878083e-16 	 3.8519454841238566e-26
0.04914918318318319 	 1.2151750649796108e-16 	 3.836279865452753e-26
0.04919923123123123 	 1.2139389249319534e-16 	 3.820693804722305e-26
0.04924927927927928 	 1.212705297262036e-16 	 3.805186817582e-26
0.04929932732732733 	 1.2114741743182583e-16 	 3.789758423118039e-26
0.04934937537537538 	 1.2102455484800574e-16 	 3.7744081438254804e-26
0.049399423423423426 	 1.2090194121577551e-16 	 3.7591355055806626e-26
0.049449471471471475 	 1.2077957577923975e-16 	 3.7439400376138665e-26
0.04949951951951952 	 1.2065745778556024e-16 	 3.72882127248222e-26
0.04954956756756757 	 1.2053558648494047e-16 	 3.713778746042873e-26
0.04959961561561562 	 1.2041396113061011e-16 	 3.6988119974263816e-26
0.04964966366366367 	 1.2029258097881e-16 	 3.683920569010358e-26
0.04969971171171172 	 1.2017144528877678e-16 	 3.6691040063933525e-26
0.04974975975975977 	 1.2005055332272788e-16 	 3.6543618583689665e-26
0.04979980780780781 	 1.1992990434584676e-16 	 3.639693676900215e-26
0.04984985585585586 	 1.1980949762626755e-16 	 3.6250990170940843e-26
0.049899903903903906 	 1.196893324350608e-16 	 3.610577437176373e-26
0.049949951951951954 	 1.195694080462183e-16 	 3.5961284984667096e-26
0.05 	 1.1944972373663884e-16 	 3.5817517653538246e-26
