0.00035233633633633635 	 4.807390586293503e-15 	 4.879028028244394e-13
0.0004023843843843844 	 6.162566037074675e-15 	 2.651091828948725e-13
0.0004524324324324324 	 3.868396800193764e-14 	 1.5284716547151617e-13
0.0005024804804804805 	 1.8836543023994413e-13 	 9.137455828772208e-14
0.0005525285285285286 	 2.6369444227798343e-13 	 5.804013432759426e-14
0.0006025765765765767 	 2.715715711638349e-13 	 3.257311526221455e-14
0.0006526246246246247 	 3.0619153635591693e-13 	 1.946181527572813e-14
0.0007026726726726728 	 3.9331177526381193e-13 	 1.1155065937909968e-14
0.0007527207207207208 	 5.661614056276205e-13 	 5.494427787016248e-15
0.0008027687687687688 	 1.2745887076975921e-12 	 2.2767985090845992e-15
0.0008528168168168169 	 8.022846464211826e-12 	 2.32616681305542e-15
0.0009028648648648649 	 1.940250454634163e-11 	 1.860834728206649e-14
0.000952912912912913 	 2.4253980224763975e-11 	 4.472241713289488e-14
0.001002960960960961 	 2.3909452820161318e-11 	 4.2676783410913947e-14
0.0010530090090090092 	 2.055737879057977e-11 	 3.300213064824466e-14
0.0011030570570570572 	 1.5798266453192176e-11 	 2.46448655351002e-14
0.0011531051051051051 	 1.1528653103320885e-11 	 1.5923338091556337e-14
0.0012031531531531533 	 8.299952954601422e-12 	 9.196248093965847e-15
0.0012532012012012013 	 6.1817106956052245e-12 	 5.165457168066529e-15
0.0013032492492492493 	 6.411797481874039e-12 	 3.4487301121904055e-15
0.0013532972972972973 	 6.721771049406968e-12 	 2.6670941104780747e-15
0.0014033453453453455 	 6.715359814054311e-12 	 2.167763333253673e-15
0.0014533933933933935 	 6.588964676903606e-12 	 1.6048370130624204e-15
0.0015034414414414415 	 6.729541241852251e-12 	 1.0454691185404332e-15
0.0015534894894894897 	 7.279353743874004e-12 	 7.972737010127863e-16
0.0016035375375375376 	 8.614744535796013e-12 	 8.596473383933816e-16
0.0016535855855855856 	 9.867439444078707e-12 	 1.0486782627669013e-15
0.0017036336336336338 	 1.0267882942049195e-11 	 1.2586789062462535e-15
0.0017536816816816818 	 1.1052959288414632e-11 	 1.415857681304133e-15
0.0018037297297297298 	 1.1262399288921889e-11 	 1.6119264069117663e-15
0.001853777777777778 	 1.144528542260046e-11 	 1.5480780075838284e-15
0.001903825825825826 	 1.1536227405287131e-11 	 1.3671221295982604e-15
0.001953873873873874 	 1.1450203725968028e-11 	 1.184953668988096e-15
0.0020039219219219217 	 1.0965828249183992e-11 	 1.1536095026151332e-15
0.00205396996996997 	 1.0544205279505787e-11 	 9.987605823287568e-16
0.002104018018018018 	 9.914770324597686e-12 	 9.011741860571644e-16
0.002154066066066066 	 9.276327209940348e-12 	 8.146174171538579e-16
0.002204114114114114 	 8.713731844222205e-12 	 7.387305607281387e-16
0.0022541621621621623 	 8.192514460294892e-12 	 6.716154496598229e-16
0.00230421021021021 	 7.709448608315629e-12 	 6.120729395090411e-16
0.0023542582582582582 	 7.260599217682678e-12 	 5.590823459668433e-16
0.0024043063063063064 	 6.843304167459295e-12 	 5.117892440720736e-16
0.002454354354354354 	 6.454391751445597e-12 	 4.694615037070946e-16
0.0025044024024024024 	 6.092255869707788e-12 	 4.314842713521776e-16
0.00255445045045045 	 5.754146143142366e-12 	 3.973218653584476e-16
0.0026044984984984984 	 5.438232479620603e-12 	 3.6651885487257145e-16
0.0026545465465465466 	 5.142805626383436e-12 	 3.3868221360917e-16
0.0027045945945945943 	 4.866224824158068e-12 	 3.1347157054038644e-16
0.0027546426426426425 	 4.607002361661968e-12 	 2.905917229300126e-16
0.0028046906906906907 	 4.363969073935262e-12 	 2.6978653880062483e-16
0.0028547387387387385 	 4.1357483419515305e-12 	 2.5083127081120824e-16
0.0029047867867867867 	 3.921415994280857e-12 	 2.335304678357079e-16
0.002954834834834835 	 3.719846701708524e-12 	 2.1771167265728357e-16
0.0030048828828828826 	 3.5301891879558693e-12 	 2.0322375747949523e-16
0.003054930930930931 	 3.3515668621731714e-12 	 1.8993316945004306e-16
0.003104978978978979 	 3.183284067145294e-12 	 1.777221257413289e-16
0.003155027027027027 	 3.024563971549634e-12 	 1.6648594967509875e-16
0.003205075075075075 	 2.8748326222721575e-12 	 1.5613200575901306e-16
0.003255123123123123 	 2.733407653799388e-12 	 1.46577562893072e-16
0.003305171171171171 	 2.599841714702028e-12 	 1.377491905218447e-16
0.003355219219219219 	 2.473561338582115e-12 	 1.295810063650093e-16
0.0034052672672672674 	 2.3541125000272313e-12 	 1.2201417298295977e-16
0.003455315315315315 	 2.2411211757390523e-12 	 1.149959827613969e-16
0.0035053633633633633 	 2.13412301500635e-12 	 1.0847893105680551e-16
0.0035554114114114115 	 2.032745467459616e-12 	 1.0242035400071302e-16
0.0036054594594594593 	 1.9366802354363358e-12 	 9.678183424951127e-17
0.0036555075075075075 	 1.8455919659737744e-12 	 9.152863373713584e-17
0.0037055555555555557 	 1.7591958478790756e-12 	 8.662936932304268e-17
0.0037556036036036035 	 1.6772175814800085e-12 	 8.205561122218848e-17
0.0038056516516516516 	 1.599351975695702e-12 	 7.778153941194228e-17
0.0038556996996997 	 1.5254650530134752e-12 	 7.378381711935631e-17
0.0039057477477477476 	 1.4552323345345718e-12 	 7.004107458831483e-17
0.003955795795795796 	 1.3884898867019022e-12 	 6.653395080391469e-17
0.004005843843843844 	 1.3250472977029885e-12 	 6.324476396575294e-17
0.004055891891891893 	 1.2647275305449899e-12 	 6.015737062497636e-17
0.00410593993993994 	 1.2073327892129195e-12 	 5.725699777425693e-17
0.004155987987987988 	 1.1527590599788941e-12 	 5.453016465452591e-17
0.004206036036036037 	 1.1007479158205903e-12 	 5.196444592175567e-17
0.004256084084084085 	 1.0512853982018176e-12 	 4.95485437957589e-17
0.004306132132132132 	 1.0041939702515387e-12 	 4.7272011323450596e-17
0.004356180180180181 	 9.59316167910832e-13 	 4.512525202108109e-17
0.004406228228228229 	 9.165923804229763e-13 	 4.309946531220285e-17
0.0044562762762762765 	 8.758807209753753e-13 	 4.118651432113031e-17
0.004506324324324325 	 8.370609426387519e-13 	 3.9378901975981985e-17
0.004556372372372373 	 8.000542322679714e-13 	 3.766971840834555e-17
0.004606420420420421 	 7.648099970895589e-13 	 3.60525842430113e-17
0.004656468468468469 	 7.312059871050183e-13 	 3.452158109187428e-17
0.004706516516516517 	 6.991547116565666e-13 	 3.3071239002464165e-17
0.004756564564564565 	 6.685918467227208e-13 	 3.1696494639595656e-17
0.0048066126126126135 	 6.394578731002144e-13 	 3.039265304290121e-17
0.004856660660660661 	 6.11639331061737e-13 	 2.9155347033391506e-17
0.004906708708708709 	 5.8513523260669e-13 	 2.7980539887162645e-17
0.004956756756756757 	 5.598431272769023e-13 	 2.6864461708208145e-17
0.005006804804804805 	 5.357215477513933e-13 	 2.5803615238695928e-17
0.005056852852852853 	 5.127161295081495e-13 	 2.4794742305489877e-17
0.005106900900900901 	 4.907682324493767e-13 	 2.383480670315272e-17
0.0051569489489489495 	 4.698312842537967e-13 	 2.2920979102773794e-17
0.005206996996996997 	 4.498683472257397e-13 	 2.205062061173413e-17
0.005257045045045045 	 4.3082785171317815e-13 	 2.1221265578345207e-17
0.005307093093093094 	 4.1267080791319395e-13 	 2.0430611628708434e-17
0.0053571411411411415 	 3.9535570855294185e-13 	 1.967650584390231e-17
0.005407189189189189 	 3.7884242140394736e-13 	 1.8956934150973174e-17
0.005457237237237238 	 3.6310637125928685e-13 	 1.8270012321462587e-17
0.005507285285285286 	 3.481002447117196e-13 	 1.7613973359745784e-17
0.005557333333333333 	 3.3380224018384074e-13 	 1.6987163000945998e-17
0.005607381381381382 	 3.2017381095567805e-13 	 1.6388028404839233e-17
0.00565742942942943 	 3.07192367087679e-13 	 1.5815113386576072e-17
0.0057074774774774776 	 2.9483585077958593e-13 	 1.526705051171717e-17
0.005757525525525526 	 2.8307486541797877e-13 	 1.4742554515824062e-17
0.005807573573573574 	 2.766509687794008e-13 	 1.4240676815930283e-17
0.005857621621621622 	 2.7428987706951695e-13 	 1.3760184532115866e-17
0.00590766966966967 	 2.7196641504517446e-13 	 1.3299787525272005e-17
0.005957717717717718 	 2.6968228795496274e-13 	 1.285848579717061e-17
0.006007765765765766 	 2.674332346847723e-13 	 1.2435336632326313e-17
0.0060578138138138145 	 2.6522422227568264e-13 	 1.202945161129514e-17
0.006107861861861862 	 2.630528547469666e-13 	 1.1639992286607746e-17
0.00615790990990991 	 2.609169733767617e-13 	 1.1266167343523644e-17
0.006207957957957959 	 2.588105294258133e-13 	 1.0907229410853197e-17
0.0062580060060060064 	 2.56740127848036e-13 	 1.0562473018854917e-17
0.006308054054054054 	 2.5470509196993264e-13 	 1.0231231086325044e-17
0.006358102102102103 	 2.52697346807459e-13 	 9.912872544577908e-18
0.006408150150150151 	 2.507258335798422e-13 	 9.606801128352385e-18
0.006458198198198198 	 2.487834802752098e-13 	 9.312451886710759e-18
0.006508246246246247 	 2.468711177574382e-13 	 9.029290246657012e-18
0.006558294294294295 	 2.449863008025207e-13 	 8.756809736951797e-18
0.0066083423423423425 	 2.4312937262713107e-13 	 8.494530537562834e-18
0.006658390390390391 	 2.413005741869715e-13 	 8.241997784363821e-18
0.006708438438438439 	 2.395019914866223e-13 	 7.998780166010935e-18
0.006758486486486487 	 2.377299588545317e-13 	 7.764468276233903e-18
0.006808534534534535 	 2.3598281504280377e-13 	 7.538673614590246e-18
0.006858582582582583 	 2.342610468884036e-13 	 7.321027380629097e-18
0.006908630630630631 	 2.32562645393596e-13 	 7.111179189543647e-18
0.0069586786786786795 	 2.308887855979703e-13 	 6.908796209445742e-18
0.007008726726726727 	 2.29240224058373e-13 	 6.71356205177179e-18
0.007058774774774775 	 2.2761513067412983e-13 	 6.525175782979579e-18
0.007108822822822824 	 2.26014026302413e-13 	 6.343351215045458e-18
0.007158870870870871 	 2.2443514237468016e-13 	 6.167815949969733e-18
0.007208918918918919 	 2.228762104129089e-13 	 5.9983106765361916e-18
0.007258966966966968 	 2.213387794614825e-13 	 5.834588578002955e-18
0.007309015015015016 	 2.1982245449395611e-13 	 5.6764144908609616e-18
0.007359063063063063 	 2.1832680336652415e-13 	 5.523564331370081e-18
0.007409111111111112 	 2.1685191108107415e-13 	 5.3758245176098004e-18
0.00745915915915916 	 2.1539687390647501e-13 	 5.232991371815533e-18
0.0075092072072072075 	 2.1396192479016921e-13 	 5.094870652781163e-18
0.007559255255255256 	 2.125459902677307e-13 	 4.9612769988612065e-18
0.007609303303303304 	 2.1114882774852043e-13 	 4.832033519050691e-18
0.007659351351351352 	 2.0976977682381995e-13 	 4.7069713237262425e-18
0.0077093993993994 	 2.0840709519835628e-13 	 4.585929098034673e-18
0.007759447447447448 	 2.0706202451589993e-13 	 4.468752809554451e-18
0.007809495495495496 	 2.0573452486734354e-13 	 4.355295239131868e-18
0.007859543543543544 	 2.0442407684375593e-13 	 4.245415656213797e-18
0.007909591591591592 	 2.0313165663257932e-13 	 4.138979536921287e-18
0.00795963963963964 	 2.018553334449117e-13 	 4.0358581594939046e-18
0.008009687687687688 	 2.005934455074992e-13 	 3.93592838617799e-18
0.008059735735735736 	 1.9934721979155334e-13 	 3.8390724419549615e-18
0.008109783783783785 	 1.9811628530256978e-13 	 3.745177559205114e-18
0.008159831831831832 	 1.9690063279737683e-13 	 3.654135774472139e-18
0.00820987987987988 	 1.9570149629624509e-13 	 3.565843713146859e-18
0.00825992792792793 	 1.945166593898073e-13 	 3.480202278485762e-18
0.008309975975975976 	 1.9334398394038135e-13 	 3.397116516285094e-18
0.008360024024024025 	 1.9218566056851586e-13 	 3.316495496405972e-18
0.008410072072072073 	 1.9104389773974487e-13 	 3.2382520416459947e-18
0.00846012012012012 	 1.8991527617753877e-13 	 3.162302451481211e-18
0.008510168168168169 	 1.887967234078058e-13 	 3.0885664483227094e-18
0.008560216216216218 	 1.876915017005847e-13 	 3.0169671211853012e-18
0.008610264264264264 	 1.8660127854259874e-13 	 2.947430632483092e-18
0.008660312312312313 	 1.855235817085879e-13 	 2.8798860361804124e-18
0.008710360360360362 	 1.8445764556933542e-13 	 2.814265243930791e-18
0.008760408408408409 	 1.8340370381987965e-13 	 2.750502883145266e-18
0.008810456456456457 	 1.8236021805135027e-13 	 2.688536130417762e-18
0.008860504504504506 	 1.813288172007041e-13 	 2.6283046747738756e-18
0.008910552552552553 	 1.8031139063342914e-13 	 2.569750559614488e-18
0.008960600600600601 	 1.7930534460587686e-13 	 2.5128180073744943e-18
0.00901064864864865 	 1.7831059420778688e-13 	 2.4574534288991656e-18
0.009060696696696697 	 1.7732666001422977e-13 	 2.403605284126438e-18
0.009110744744744746 	 1.76352195758195e-13 	 2.351223986286366e-18
0.009160792792792794 	 1.753882612976529e-13 	 2.3002618634808943e-18
0.009210840840840841 	 1.7443390733159437e-13 	 2.2506730140828997e-18
0.00926088888888889 	 1.734900795769052e-13 	 2.202413284737262e-18
0.009310936936936938 	 1.7255797279500679e-13 	 2.1554401728942404e-18
0.009360984984984985 	 1.716357242262618e-13 	 2.1097127133131596e-18
0.009411033033033034 	 1.7072248860655614e-13 	 2.0651914672553417e-18
0.009461081081081082 	 1.6981908135059676e-13 	 2.0218384660659283e-18
0.00951112912912913 	 1.689263793966327e-13 	 1.979617129013004e-18
0.009561177177177178 	 1.680430859261296e-13 	 1.938492178106427e-18
0.009611225225225227 	 1.6716943502228e-13 	 1.8984296301038517e-18
0.009661273273273274 	 1.6630453594200527e-13 	 1.859396710925465e-18
0.009711321321321322 	 1.6544647113014585e-13 	 1.8213618078257045e-18
0.009761369369369369 	 1.645973478298705e-13 	 1.7842944809563575e-18
0.009811417417417418 	 1.6375786053560693e-13 	 1.7481653522921996e-18
0.009861465465465466 	 1.629267190424251e-13 	 1.7129460570237837e-18
0.009911513513513513 	 1.6210279630114684e-13 	 1.6786092274504992e-18
0.009961561561561562 	 1.6128747786380414e-13 	 1.6451284786937105e-18
0.01001160960960961 	 1.6048245635405272e-13 	 1.6124783450930517e-18
0.010061657657657657 	 1.5968525054098963e-13 	 1.5806341964954176e-18
0.010111705705705706 	 1.5889468547598615e-13 	 1.5495722639500613e-18
0.010161753753753755 	 1.5811190231494472e-13 	 1.5192696158952154e-18
0.010211801801801802 	 1.5733675766741597e-13 	 1.4897040883909404e-18
0.01026184984984985 	 1.5656917933758527e-13 	 1.4608542693294209e-18
0.010311897897897899 	 1.5580908569868133e-13 	 1.4326994686422364e-18
0.010361945945945946 	 1.5505633454219522e-13 	 1.4052196901131768e-18
0.010411993993993994 	 1.5431081998728023e-13 	 1.3783956058333258e-18
0.010462042042042043 	 1.5357250358033531e-13 	 1.3522085310897485e-18
0.01051209009009009 	 1.5284161492636083e-13 	 1.3266404018796471e-18
0.010562138138138139 	 1.5211763639874415e-13 	 1.30167374220185e-18
0.010612186186186187 	 1.5140038835085011e-13 	 1.2772916520205273e-18
0.010662234234234234 	 1.506898243196246e-13 	 1.2534777838714436e-18
0.010712282282282283 	 1.499856085833323e-13 	 1.2302163186203028e-18
0.010762330330330331 	 1.492879424737332e-13 	 1.2074919531558575e-18
0.010812378378378378 	 1.4859673504061632e-13 	 1.1852898742090669e-18
0.010862426426426427 	 1.4791189700996363e-13 	 1.163595742970902e-18
0.010912474474474475 	 1.472333407455122e-13 	 1.1423956778039204e-18
0.010962522522522522 	 1.465609802113696e-13 	 1.1216762376593323e-18
0.011012570570570571 	 1.4589473093564787e-13 	 1.1014244061676987e-18
0.01106261861861862 	 1.4523450997508612e-13 	 1.0816275763730167e-18
0.011112666666666667 	 1.4458023588062728e-13 	 1.0622735360813875e-18
0.011162714714714715 	 1.439318286639222e-13 	 1.043350453796909e-18
0.011212762762762764 	 1.4328920976473044e-13 	 1.0248468652187684e-18
0.01126281081081081 	 1.4265230201919013e-13 	 1.0067516602747428e-18
0.01131285885885886 	 1.4202102962892971e-13 	 9.890540706675407e-19
0.011362906906906908 	 1.4139535193676278e-13 	 9.717436581593357e-19
0.011412954954954955 	 1.407753410668302e-13 	 9.548103036231312e-19
0.011463003003003003 	 1.4016080637692965e-13 	 9.382441932644584e-19
0.011513051051051052 	 1.3955193980521139e-13 	 9.22035812677364e-19
0.011563099099099099 	 1.389482474811626e-13 	 9.061759290328762e-19
0.011613147147147148 	 1.3834926129207196e-13 	 8.90655586464058e-19
0.011663195195195196 	 1.3775542142303868e-13 	 8.754661025947108e-19
0.011713243243243243 	 1.3716668517326018e-13 	 8.605990497576897e-19
0.011763291291291292 	 1.3658295288576282e-13 	 8.460462492924022e-19
0.01181333933933934 	 1.3600413802410125e-13 	 8.317997636276255e-19
0.011863387387387387 	 1.3543020685258003e-13 	 8.178518884496134e-19
0.011913435435435436 	 1.3486109782241407e-13 	 8.0419514438987335e-19
0.011963483483483485 	 1.3429675041475147e-13 	 7.908222697308366e-19
0.012013531531531531 	 1.3373710511921976e-13 	 7.777262131973591e-19
0.01206357957957958 	 1.3318213220569195e-13 	 7.649001271920591e-19
0.012113627627627629 	 1.3263188367926625e-13 	 7.523373614143183e-19
0.012163675675675676 	 1.320861632026543e-13 	 7.400314544200447e-19
0.012213723723723724 	 1.3154491511222892e-13 	 7.279761298076135e-19
0.012263771771771773 	 1.3100808465300859e-13 	 7.161652893750892e-19
0.01231381981981982 	 1.304756179601922e-13 	 7.045930073613842e-19
0.012363867867867868 	 1.2994746204114187e-13 	 6.93253524895937e-19
0.012413915915915917 	 1.2942356475780206e-13 	 6.82141244648569e-19
0.012463963963963964 	 1.2890387480954197e-13 	 6.712507256715206e-19
0.012514012012012013 	 1.2838834171640966e-13 	 6.605766784260294e-19
0.012564060060060061 	 1.2787691580278655e-13 	 6.501139599861444e-19
0.012614108108108108 	 1.2736954818143089e-13 	 6.398575694127872e-19
0.012664156156156157 	 1.268661907378997e-13 	 6.298026432913662e-19
0.012714204204204205 	 1.2636679611533857e-13 	 6.199444514265522e-19
0.012764252252252252 	 1.258713176996294e-13 	 6.102783926880821e-19
0.012814300300300301 	 1.2537970960488586e-13 	 6.007999910017304e-19
0.01286434834834835 	 1.248919266592879e-13 	 5.915048914798351e-19
0.012914396396396396 	 1.244079243912453e-13 	 5.823888566859963e-19
0.012964444444444445 	 1.2392765901588176e-13 	 5.734477630288028e-19
0.013014492492492494 	 1.2345108742183097e-13 	 5.646775972796503e-19
0.01306454054054054 	 1.2297816715833613e-13 	 5.560744532099291e-19
0.01311458858858859 	 1.2250885642264464e-13 	 5.476345283430438e-19
0.013164636636636638 	 1.2204311404769078e-13 	 5.393541208169355e-19
0.013214684684684685 	 1.215808994900577e-13 	 5.312296263529348e-19
0.013264732732732733 	 1.2112217281821244e-13 	 5.232575353269617e-19
0.013314780780780782 	 1.2066689470100606e-13 	 5.154344299392508e-19
0.013364828828828829 	 1.2021502639643203e-13 	 5.077569814789213e-19
0.013414876876876878 	 1.1976652974063666e-13 	 5.002219476798864e-19
0.013464924924924926 	 1.193213671371741e-13 	 4.928261701647169e-19
0.013514972972972973 	 1.1887950154650052e-13 	 4.855665719732253e-19
0.013565021021021022 	 1.1844089647570063e-13 	 4.784401551726573e-19
0.01361506906906907 	 1.1800551596844074e-13 	 4.714439985465125e-19
0.013665117117117117 	 1.1757332459514285e-13 	 4.645752553591271e-19
0.013715165165165166 	 1.1714428744337364e-13 	 4.578311511932685e-19
0.013765213213213215 	 1.1671837010844327e-13 	 4.512089818581058e-19
0.013815261261261261 	 1.162955386842083e-13 	 4.447061113650152e-19
0.01386530930930931 	 1.1587575975407415e-13 	 4.383199699687891e-19
0.013915357357357359 	 1.1545900038219142e-13 	 4.3204805227190807e-19
0.013965405405405406 	 1.1504522810484166e-13 	 4.258879153896273e-19
0.014015453453453454 	 1.146344109220076e-13 	 4.1983717717371765e-19
0.014065501501501503 	 1.1422651728912345e-13 	 4.138935144927852e-19
0.01411554954954955 	 1.1382151610900083e-13 	 4.080546615671781e-19
0.014165597597597598 	 1.1341937672392532e-13 	 4.0231840835655115e-19
0.014215645645645647 	 1.1302006890792066e-13 	 3.9668259899826026e-19
0.014265693693693694 	 1.1262356285917539e-13 	 3.911451302947985e-19
0.014315741741741743 	 1.122298291926282e-13 	 3.857039502485737e-19
0.014365789789789791 	 1.1183883893270882e-13 	 3.8035705664239306e-19
0.014415837837837838 	 1.114505635062296e-13 	 3.7510249566406283e-19
0.014465885885885887 	 1.1106497473542476e-13 	 3.699383605735962e-19
0.014515933933933935 	 1.1068204483113388e-13 	 3.64862790411565e-19
0.014565981981981982 	 1.1030174638612572e-13 	 3.5987396874718526e-19
0.014616030030030031 	 1.099240523685591e-13 	 3.5497012246478583e-19
0.01466607807807808 	 1.0954893611557793e-13 	 3.501495205873594e-19
0.014716126126126126 	 1.0917637132703681e-13 	 3.454104731359351e-19
0.014766174174174175 	 1.0880633205935407e-13 	 3.4075133002356985e-19
0.014816222222222224 	 1.0843879271948975e-13 	 3.361704799827946e-19
0.01486627027027027 	 1.0807372805904494e-13 	 3.3166634952539147e-19
0.01491631831831832 	 1.0771111316847986e-13 	 3.2723740193342435e-19
0.014966366366366368 	 1.0735092347144829e-13 	 3.228821362804864e-19
0.015016414414414415 	 1.0699313471924498e-13 	 3.1859908648215663e-19
0.015066462462462463 	 1.0663772298536375e-13 	 3.143868203747026e-19
0.015116510510510512 	 1.0628466466016396e-13 	 3.102439388211017e-19
0.015166558558558559 	 1.0593393644564222e-13 	 3.0616907484347827e-19
0.015216606606606608 	 1.0558551535030757e-13 	 3.021608927810967e-19
0.015266654654654656 	 1.0523937868415725e-13 	 2.982180874730745e-19
0.015316702702702703 	 1.0489550405375122e-13 	 2.9433938346501353e-19
0.015366750750750752 	 1.045538693573825e-13 	 2.905235342387691e-19
0.0154167987987988 	 1.0421445278034218e-13 	 2.867693214646192e-19
0.015466846846846847 	 1.0387723279027582e-13 	 2.830755542751012e-19
0.015516894894894896 	 1.0354218813263001e-13 	 2.794410685598286e-19
0.015566942942942944 	 1.0320929782618669e-13 	 2.758647262806139e-19
0.015616990990990991 	 1.0287854115868332e-13 	 2.723454148062493e-19
0.015667039039039037 	 1.0254989768251707e-13 	 2.6888204626632077e-19
0.015717087087087085 	 1.0222334721053081e-13 	 2.654735569234531e-19
0.015767135135135134 	 1.0189886981187998e-13 	 2.6211890656340413e-19
0.015817183183183182 	 1.0157644580797711e-13 	 2.58817077902442e-19
0.01586723123123123 	 1.0125605576851381e-13 	 2.555670760114693e-19
0.01591727927927928 	 1.0093768050755728e-13 	 2.523679277563643e-19
0.015967327327327325 	 1.0062130107972062e-13 	 2.4921868125403674e-19
0.016017375375375374 	 1.0030689877640461e-13 	 2.4611840534370764e-19
0.016067423423423422 	 9.999445512211006e-14 	 2.4306618907294355e-19
0.01611747147147147 	 9.968395187081858e-14 	 2.4006114119798535e-19
0.01616751951951952 	 9.937537100244067e-14 	 2.371023896979349e-19
0.016217567567567568 	 9.906869471932968e-14 	 2.341890813023719e-19
0.016267615615615613 	 9.876390544286001e-14 	 2.3132038103199062e-19
0.016317663663663662 	 9.846098581006822e-14 	 2.284954717518568e-19
0.01636771171171171 	 9.815991867035592e-14 	 2.257135537369047e-19
0.01641775975975976 	 9.786068708225292e-14 	 2.229738442492992e-19
0.016467807807807808 	 9.75632743102393e-14 	 2.2027557712730493e-19
0.016517855855855856 	 9.726766382162537e-14 	 2.176180023853166e-19
0.0165679039039039 	 9.69738392834882e-14 	 2.150003858247139e-19
0.01661795195195195 	 9.668178455966322e-14 	 2.124220086552152e-19
0.016668 	 9.639148370779059e-14 	 2.0988216712642063e-19
0.016718048048048047 	 9.610292097641398e-14 	 2.0738017216923412e-19
0.016768096096096096 	 9.581608080213176e-14 	 2.0491534904687743e-19
0.016818144144144145 	 9.553094780679882e-14 	 2.0248703701520788e-19
0.01686819219219219 	 9.524750679477839e-14 	 2.0009458899206657e-19
0.01691824024024024 	 9.49657427502424e-14 	 1.977373712353904e-19
0.016968288288288287 	 9.46856408345198e-14 	 1.9541476302983177e-19
0.017018336336336336 	 9.440718638349169e-14 	 1.9312615638163567e-19
0.017068384384384384 	 9.413036490503208e-14 	 1.9087095572153279e-19
0.017118432432432433 	 9.385516207649376e-14 	 1.8864857761541733e-19
0.017168480480480478 	 9.358156374223806e-14 	 1.8645845048258157e-19
0.017218528528528527 	 9.330955591120747e-14 	 1.843000143212879e-19
0.017268576576576575 	 9.303912475454106e-14 	 1.8217272044147131e-19
0.017318624624624624 	 9.277025660323055e-14 	 1.800760312043602e-19
0.017368672672672673 	 9.250293794581733e-14 	 1.7800941976882214e-19
0.01741872072072072 	 9.223715542612915e-14 	 1.7597236984424093e-19
0.017468768768768766 	 9.197289584105553e-14 	 1.739643754497377e-19
0.017518816816816815 	 9.17101461383614e-14 	 1.719849406795557e-19
0.017568864864864864 	 9.144889341453829e-14 	 1.7003357947443648e-19
0.017618912912912912 	 9.118912491269177e-14 	 1.6810981539881352e-19
0.01766896096096096 	 9.093082802046513e-14 	 1.6621318142366345e-19
0.01771900900900901 	 9.06739902679981e-14 	 1.6434321971485292e-19
0.017769057057057055 	 9.041859932592003e-14 	 1.6249948142682907e-19
0.017819105105105103 	 9.016464300337695e-14 	 1.6068152650150145e-19
0.017869153153153152 	 8.991210924609188e-14 	 1.58888923472175e-19
0.0179192012012012 	 8.966098613445742e-14 	 1.5712124927238766e-19
0.01796924924924925 	 8.941126188166037e-14 	 1.5537808904952207e-19
0.018019297297297298 	 8.91629248318376e-14 	 1.5365903598305632e-19
0.018069345345345343 	 8.891596345826257e-14 	 1.5196369110732675e-19
0.018119393393393392 	 8.867036636156174e-14 	 1.5029166313867736e-19
0.01816944144144144 	 8.842612226796074e-14 	 1.4864256830687823e-19
0.01821948948948949 	 8.818322002755917e-14 	 1.4701603019069362e-19
0.018269537537537538 	 8.794164861263403e-14 	 1.454116795574874e-19
0.018319585585585586 	 8.770139711597067e-14 	 1.438291542067563e-19
0.01836963363363363 	 8.746245474922121e-14 	 1.4226809881748381e-19
0.01841968168168168 	 8.72248108412897e-14 	 1.4072816479921186e-19
0.01846972972972973 	 8.698845483674352e-14 	 1.3920901014673005e-19
0.018519777777777777 	 8.675337629425049e-14 	 1.3771029929828395e-19
0.018569825825825826 	 8.651956488504132e-14 	 1.3623170299720964e-19
0.018619873873873875 	 8.628701039139683e-14 	 1.3477289815690113e-19
0.01866992192192192 	 8.605570270515954e-14 	 1.333335677290236e-19
0.01871996996996997 	 8.582563182626895e-14 	 1.3191340057488325e-19
0.018770018018018017 	 8.559678786132061e-14 	 1.3051209133987366e-19
0.018820066066066066 	 8.536916102214779e-14 	 1.291293403309131e-19
0.018870114114114114 	 8.514274162442606e-14 	 1.277648533967975e-19
0.018920162162162163 	 8.491752008629971e-14 	 1.2641834181138914e-19
0.018970210210210208 	 8.469348692703021e-14 	 1.2508952215956918e-19
0.019020258258258257 	 8.44706327656657e-14 	 1.237781162258789e-19
0.019070306306306305 	 8.424894831973169e-14 	 1.2248385088578253e-19
0.019120354354354354 	 8.402842440394229e-14 	 1.2120645799948064e-19
0.019170402402402403 	 8.380905192893136e-14 	 1.1994567430820832e-19
0.01922045045045045 	 8.359082190000392e-14 	 1.1870124133295537e-19
0.019270498498498496 	 8.337372541590657e-14 	 1.1747290527554342e-19
0.019320546546546545 	 8.315775366761739e-14 	 1.1626041692200105e-19
0.019370594594594594 	 8.294289793715436e-14 	 1.1506353154817696e-19
0.019420642642642642 	 8.272914959640233e-14 	 1.1388200882753349e-19
0.01947069069069069 	 8.251650010595799e-14 	 1.127156127410652e-19
0.019520738738738736 	 8.230494101399268e-14 	 1.1156411148928825e-19
0.019570786786786785 	 8.209446395513262e-14 	 1.1042727740624727e-19
0.019620834834834833 	 8.188506064935633e-14 	 1.0930488687548915e-19
0.019670882882882882 	 8.167672290090871e-14 	 1.0819672024795316e-19
0.01972093093093093 	 8.146944259723195e-14 	 1.0710256176172974e-19
0.01977097897897898 	 8.126321170791235e-14 	 1.0602219946364028e-19
0.019821027027027024 	 8.105802228364333e-14 	 1.0495542513259185e-19
0.019871075075075073 	 8.085386645520403e-14 	 1.0390203420466361e-19
0.01992112312312312 	 8.065073643245328e-14 	 1.0286182569987987e-19
0.01997117117117117 	 8.044862450333874e-14 	 1.0183460215062896e-19
0.02002121921921922 	 8.024752303292093e-14 	 1.0082016953168639e-19
0.020071267267267268 	 8.004742446241172e-14 	 9.981833719180222e-20
0.020121315315315313 	 7.984832130822738e-14 	 9.88289177868149e-20
0.02017136336336336 	 7.965020616105549e-14 	 9.785172721425206e-20
0.02022141141141141 	 7.945307168493599e-14 	 9.688658454938395e-20
0.02027145945945946 	 7.925691061635555e-14 	 9.593331198269147e-20
0.020321507507507507 	 7.906171576335551e-14 	 9.499173475871562e-20
0.020371555555555556 	 7.88674800046529e-14 	 9.40616811162537e-20
0.0204216036036036 	 7.867419628877446e-14 	 9.314298222987037e-20
0.02047165165165165 	 7.848185763320318e-14 	 9.223547215269009e-20
0.0205216996996997 	 7.82904571235376e-14 	 9.133898776044126e-20
0.020571747747747747 	 7.809998791266311e-14 	 9.045336869672079e-20
0.020621795795795796 	 7.791044321993553e-14 	 8.957845731945005e-20
0.020671843843843844 	 7.772181633037641e-14 	 8.871409864849282e-20
0.02072189189189189 	 7.753410059388008e-14 	 8.786014031440859e-20
0.020771939939939938 	 7.734728942443203e-14 	 8.701643250831192e-20
0.020821987987987987 	 7.716137629933881e-14 	 8.618282793281413e-20
0.020872036036036035 	 7.697635475846874e-14 	 8.535918175401821e-20
0.020922084084084084 	 7.679221840350369e-14 	 8.454535155454488e-20
0.020972132132132133 	 7.66089608972015e-14 	 8.374119728756308e-20
0.021022180180180178 	 7.642657596266892e-14 	 8.294658123180214e-20
0.021072228228228226 	 7.624505738264504e-14 	 8.216136794752252e-20
0.021122276276276275 	 7.606439899879466e-14 	 8.138542423342152e-20
0.021172324324324324 	 7.588459471101207e-14 	 8.061861908445328e-20
0.021222372372372372 	 7.570563847673414e-14 	 7.986082365053984e-20
0.02127242042042042 	 7.55275243102637e-14 	 7.91119111961547e-20
0.021322468468468466 	 7.535024628210201e-14 	 7.837175706075589e-20
0.021372516516516515 	 7.517379851829075e-14 	 7.764023862005086e-20
0.021422564564564563 	 7.499817519976329e-14 	 7.691723524807243e-20
0.021472612612612612 	 7.482337056170498e-14 	 7.620262828004806e-20
0.02152266066066066 	 7.464937889292241e-14 	 7.549630097604293e-20
0.02157270870870871 	 7.447619453522134e-14 	 7.479813848535975e-20
0.021622756756756754 	 7.430381188279337e-14 	 7.410802781167764e-20
0.021672804804804803 	 7.413222538161109e-14 	 7.342585777891277e-20
0.02172285285285285 	 7.396142952883155e-14 	 7.275151899778485e-20
0.0217729009009009 	 7.3791418872208e-14 	 7.208490383307268e-20
0.02182294894894895 	 7.362218800950979e-14 	 7.14259063715432e-20
0.021872996996996998 	 7.345373158794998e-14 	 7.077442239053857e-20
0.021923045045045043 	 7.328604430362117e-14 	 7.013034932720697e-20
0.02197309309309309 	 7.311912090093863e-14 	 6.949358624836126e-20
0.02202314114114114 	 7.295295617209144e-14 	 6.886403382095273e-20
0.02207318918918919 	 7.27875449565007e-14 	 6.824159428314486e-20
0.022123237237237237 	 7.262288214028543e-14 	 6.762617141597417e-20
0.022173285285285286 	 7.245896265573539e-14 	 6.701767051558466e-20
0.02222333333333333 	 7.229578148079136e-14 	 6.641599836602351e-20
0.02227338138138138 	 7.213333363853217e-14 	 6.582106321258459e-20
0.02232342942942943 	 7.197161419666864e-14 	 6.52327747356883e-20
0.022373477477477477 	 7.181061826704453e-14 	 6.465104402528553e-20
0.022423525525525526 	 7.165034100514395e-14 	 6.407578355577381e-20
0.022473573573573574 	 7.149077760960542e-14 	 6.350690716141492e-20
0.02252362162162162 	 7.133192332174245e-14 	 6.294433001224204e-20
0.022573669669669668 	 7.117377342507043e-14 	 6.238796859044636e-20
0.022623717717717717 	 7.101632324483993e-14 	 6.183774066723217e-20
0.022673765765765765 	 7.085956814757594e-14 	 6.129356528013005e-20
0.022723813813813814 	 7.070350354062347e-14 	 6.075536271075866e-20
0.022773861861861863 	 7.054812487169898e-14 	 6.022305446302458e-20
0.022823909909909908 	 7.03934276284477e-14 	 5.96965632417509e-20
0.022873957957957956 	 7.02394073380069e-14 	 5.917581293172569e-20
0.022924006006006005 	 7.008605956657471e-14 	 5.866072857716047e-20
0.022974054054054054 	 6.993337991898474e-14 	 5.81512363615502e-20
0.023024102102102102 	 6.978136403828603e-14 	 5.764726358792576e-20
0.02307415015015015 	 6.96300076053288e-14 	 5.714873865949123e-20
0.023124198198198196 	 6.947930633835519e-14 	 5.665559106063653e-20
0.023174246246246245 	 6.93292559925956e-14 	 5.616775133831826e-20
0.023224294294294293 	 6.917985235987013e-14 	 5.568515108380013e-20
0.023274342342342342 	 6.903109126819516e-14 	 5.520772291474637e-20
0.02332439039039039 	 6.888296858139503e-14 	 5.473540045765887e-20
0.02337443843843844 	 6.873548019871867e-14 	 5.426811833065235e-20
0.023424486486486484 	 6.858862205446112e-14 	 5.380581212655937e-20
0.023474534534534533 	 6.84423901175901e-14 	 5.33484183963588e-20
0.02352458258258258 	 6.829678039137694e-14 	 5.2895874632920174e-20
0.02357463063063063 	 6.81517889130327e-14 	 5.244811925505794e-20
0.02362467867867868 	 6.800741175334847e-14 	 5.200509159188867e-20
0.023674726726726728 	 6.786364501634057e-14 	 5.156673186748496e-20
0.023724774774774773 	 6.772048483890006e-14 	 5.113298118581966e-20
0.02377482282282282 	 6.757792739044662e-14 	 5.070378151599462e-20
0.02382487087087087 	 6.743596887258702e-14 	 5.0279075677747653e-20
0.02387491891891892 	 6.729460551877778e-14 	 4.985880732723242e-20
0.023924966966966967 	 6.715383359399193e-14 	 4.944292094306458e-20
0.023975015015015016 	 6.701364939439005e-14 	 4.903136181262976e-20
0.02402506306306306 	 6.687404924699557e-14 	 4.8624076018647476e-20
0.02407511111111111 	 6.673502950937382e-14 	 4.8221010425985086e-20
0.024125159159159158 	 6.659658656931532e-14 	 4.7822112668717966e-20
0.024175207207207207 	 6.645871684452292e-14 	 4.742733113742937e-20
0.024225255255255256 	 6.632141678230273e-14 	 4.7036614966745926e-20
0.024275303303303304 	 6.618468285925907e-14 	 4.6649914023103925e-20
0.02432535135135135 	 6.6048511580993e-14 	 4.626717889274111e-20
0.024375399399399398 	 6.591289948180464e-14 	 4.5888360869909624e-20
0.024425447447447447 	 6.577784312439915e-14 	 4.5513411945306175e-20
0.024475495495495495 	 6.564333909959632e-14 	 4.5142284794713936e-20
0.024525543543543544 	 6.550938402604382e-14 	 4.4774932767852766e-20
0.024575591591591592 	 6.537597454993358e-14 	 4.441130987743266e-20
0.024625639639639638 	 6.524310734472214e-14 	 4.4051370788407606e-20
0.024675687687687686 	 6.511077911085403e-14 	 4.369507080742419e-20
0.024725735735735735 	 6.49789865754887e-14 	 4.334236587246242e-20
0.024775783783783784 	 6.484772649223063e-14 	 4.2993212542664054e-20
0.024825831831831832 	 6.471699564086279e-14 	 4.26475679883449e-20
0.02487587987987988 	 6.458679082708336e-14 	 4.230538998118755e-20
0.024925927927927926 	 6.445710888224546e-14 	 4.196663688461069e-20
0.024975975975975975 	 6.432794666310016e-14 	 4.163126764431166e-20
0.025026024024024023 	 6.41993010515425e-14 	 4.129924177897864e-20
0.025076072072072072 	 6.407116895436062e-14 	 4.097051937116924e-20
0.02512612012012012 	 6.394354730298777e-14 	 4.0645061058352174e-20
0.02517616816816817 	 6.381643305325739e-14 	 4.032282802410847e-20
0.025226216216216214 	 6.368982318516107e-14 	 4.000378198948969e-20
0.025276264264264263 	 6.356371470260935e-14 	 3.968788520452935e-20
0.02532631231231231 	 6.34381046331954e-14 	 3.9375100439905155e-20
0.02537636036036036 	 6.331299002796152e-14 	 3.906539097874859e-20
0.02542640840840841 	 6.318836796116828e-14 	 3.875872060859917e-20
0.025476456456456457 	 6.30642355300665e-14 	 3.8455053613500773e-20
0.025526504504504503 	 6.294058985467193e-14 	 3.815435476623668e-20
0.02557655255255255 	 6.28174280775424e-14 	 3.7856589320701174e-20
0.0256266006006006 	 6.269474736355781e-14 	 3.756172300440488e-20
0.02567664864864865 	 6.257254489970253e-14 	 3.7269722011111013e-20
0.025726696696696697 	 6.245081789485035e-14 	 3.6980552993600236e-20
0.025776744744744742 	 6.232956357955212e-14 	 3.6694183056561755e-20
0.02582679279279279 	 6.220877920582555e-14 	 3.6410579749607725e-20
0.02587684084084084 	 6.208846204694773e-14 	 3.612971106040916e-20
0.025926888888888888 	 6.196860939724988e-14 	 3.585154540795064e-20
0.025976936936936937 	 6.184921857191456e-14 	 3.557605163590166e-20
0.026026984984984985 	 6.17302869067752e-14 	 3.530319900610236e-20
0.02607703303303303 	 6.161181175811791e-14 	 3.503295719216142e-20
0.02612708108108108 	 6.149379050248555e-14 	 3.476529627316409e-20
0.026177129129129128 	 6.137622053648419e-14 	 3.450018672748812e-20
0.026227177177177177 	 6.125909927659157e-14 	 3.423759942672557e-20
0.026277225225225225 	 6.114242415896798e-14 	 3.397750562970866e-20
0.026327273273273274 	 6.102619263926903e-14 	 3.3719876976637247e-20
0.02637732132132132 	 6.091040219246081e-14 	 3.346468548330663e-20
0.026427369369369368 	 6.079505031263704e-14 	 3.321190353543321e-20
0.026477417417417416 	 6.068013451283819e-14 	 3.296150388307655e-20
0.026527465465465465 	 6.056565232487288e-14 	 3.2713459635155865e-20
0.026577513513513513 	 6.04516012991411e-14 	 3.2467744254059085e-20
0.026627561561561562 	 6.033797900445948e-14 	 3.2224331550342915e-20
0.026677609609609607 	 6.022478302788857e-14 	 3.198319567752221e-20
0.026727657657657656 	 6.011201097456202e-14 	 3.174431112694675e-20
0.026777705705705705 	 5.999966046751769e-14 	 3.150765272276411e-20
0.026827753753753753 	 5.988772914753066e-14 	 3.127319561696678e-20
0.026877801801801802 	 5.977621467294802e-14 	 3.1040915284522063e-20
0.02692784984984985 	 5.966511471952567e-14 	 3.0810787518583194e-20
0.026977897897897896 	 5.95544269802668e-14 	 3.058278842578031e-20
0.027027945945945944 	 5.944414916526216e-14 	 3.035689442158944e-20
0.027077993993993993 	 5.933427900153222e-14 	 3.0133082225778654e-20
0.02712804204204204 	 5.922481423287097e-14 	 2.991132885792926e-20
0.02717809009009009 	 5.911575261969145e-14 	 2.969161163303128e-20
0.02722813813813814 	 5.900709193887307e-14 	 2.947390815715149e-20
0.027278186186186184 	 5.889882998361054e-14 	 2.925819632317282e-20
0.027328234234234233 	 5.879096456326439e-14 	 2.904445430660364e-20
0.02737828228228228 	 5.868349350321335e-14 	 2.883266056145617e-20
0.02742833033033033 	 5.857641464470813e-14 	 2.862279381619195e-20
0.02747837837837838 	 5.846972584472684e-14 	 2.841483306973389e-20
0.027528426426426427 	 5.836342497583214e-14 	 2.820875758754326e-20
0.027578474474474472 	 5.825750992602971e-14 	 2.800454689776067e-20
0.02762852252252252 	 5.815197859862844e-14 	 2.780218078740967e-20
0.02767857057057057 	 5.804682891210209e-14 	 2.760163929866209e-20
0.027728618618618618 	 5.794205879995235e-14 	 2.740290272516385e-20
0.027778666666666667 	 5.78376662105736e-14 	 2.720595160842006e-20
0.027828714714714715 	 5.773364910711882e-14 	 2.701076673423872e-20
0.02787876276276276 	 5.763000546736729e-14 	 2.6817329129231444e-20
0.02792881081081081 	 5.752673328359341e-14 	 2.662562005737069e-20
0.027978858858858858 	 5.74238305624371e-14 	 2.643562101660216e-20
0.028028906906906906 	 5.73212953247756e-14 	 2.624731373551154e-20
0.028078954954954955 	 5.72191256055965e-14 	 2.6060680170044467e-20
0.028129003003003004 	 5.711731945387222e-14 	 2.587570250027903e-20
0.02817905105105105 	 5.701587493243592e-14 	 2.5692363127249676e-20
0.028229099099099098 	 5.69147901178585e-14 	 2.551064466982149e-20
0.028279147147147146 	 5.681406310032712e-14 	 2.5330529961614434e-20
0.028329195195195195 	 5.671369198352489e-14 	 2.515200204797609e-20
0.028379243243243243 	 5.6613674884511886e-14 	 2.497504418300253e-20
0.028429291291291292 	 5.651400993360738e-14 	 2.4799639826606066e-20
0.028479339339339337 	 5.641469527427333e-14 	 2.4625772641629418e-20
0.028529387387387386 	 5.631572906299916e-14 	 2.445342649100526e-20
0.028579435435435434 	 5.621710946918762e-14 	 2.4282585434960353e-20
0.028629483483483483 	 5.611883467504194e-14 	 2.4113233728263736e-20
0.028679531531531532 	 5.602090287545417e-14 	 2.3945355817517796e-20
0.02872957957957958 	 5.5923312277894625e-14 	 2.3778936338491823e-20
0.028779627627627626 	 5.582606110230252e-14 	 2.3613960113497227e-20
0.028829675675675674 	 5.572914758097773e-14 	 2.3450412148803522e-20
0.028879723723723723 	 5.563256995847373e-14 	 2.3288277632094636e-20
0.02892977177177177 	 5.553632649149157e-14 	 2.312754192996472e-20
0.02897981981981982 	 5.544041544877496e-14 	 2.296819058545256e-20
0.02902986786786787 	 5.5344835111006513e-14 	 2.2810209315614555e-20
0.029079915915915914 	 5.5249583770704985e-14 	 2.2653584009134784e-20
0.029129963963963963 	 5.515465973212355e-14 	 2.249830072397214e-20
0.02918001201201201 	 5.5060061311149273e-14 	 2.2344345685043686e-20
0.02923006006006006 	 5.4965786835203384e-14 	 2.2191705281943583e-20
0.02928010810810811 	 5.4871834643142823e-14 	 2.2040366066696995e-20
0.029330156156156157 	 5.4778203085162586e-14 	 2.1890314751548455e-20
0.029380204204204202 	 5.46848905226992e-14 	 2.1741538206784016e-20
0.02943025225225225 	 5.4591895328335114e-14 	 2.1594023458586615e-20
0.0294803003003003 	 5.4499215885704105e-14 	 2.1447757686924262e-20
0.029530348348348348 	 5.4406850589397625e-14 	 2.1302728223470137e-20
0.029580396396396397 	 5.43147978448721e-14 	 2.115892254955453e-20
0.029630444444444445 	 5.4223056068357164e-14 	 2.1016328294147586e-20
0.02968049249249249 	 5.4131623686764877e-14 	 2.0874933231872828e-20
0.02973054054054054 	 5.4040499137599683e-14 	 2.0734725281050423e-20
0.029780588588588588 	 5.3949680868869583e-14 	 2.0595692501770312e-20
0.029830636636636636 	 5.3859167338997887e-14 	 2.0457823093994028e-20
0.029880684684684685 	 5.3768957016736037e-14 	 2.0321105395685283e-20
0.029930732732732734 	 5.367904838107728e-14 	 2.018552788096853e-20
0.02998078078078078 	 5.3589439921171126e-14 	 2.005107915831508e-20
0.030030828828828827 	 5.350013013623878e-14 	 1.991774796875647e-20
0.030080876876876876 	 5.341111753548931e-14 	 1.9785523184124425e-20
0.030130924924924925 	 5.3322400638036724e-14 	 1.9654393805317095e-20
0.030180972972972973 	 5.323397797281783e-14 	 1.9524348960591096e-20
0.030231021021021022 	 5.3145848078510923e-14 	 1.9395377903878984e-20
0.030281069069069067 	 5.305800950345532e-14 	 1.926747001313162e-20
0.030331117117117116 	 5.2970460805571585e-14 	 1.9140614788685085e-20
0.030381165165165164 	 5.288320055228268e-14 	 1.9014801851651877e-20
0.030431213213213213 	 5.279622732043577e-14 	 1.8890020942335716e-20
0.03048126126126126 	 5.270953969622493e-14 	 1.8766261918669785e-20
0.03053130930930931 	 5.2623136275114424e-14 	 1.8643514754677915e-20
0.030581357357357355 	 5.2537015661762966e-14 	 1.8521769538958488e-20
0.030631405405405404 	 5.245117646994851e-14 	 1.8401016473190363e-20
0.030681453453453453 	 5.236561732249393e-14 	 1.8281245870660974e-20
0.0307315015015015 	 5.2280336851193376e-14 	 1.8162448154815676e-20
0.03078154954954955 	 5.219533369673928e-14 	 1.8044613857828428e-20
0.0308315975975976 	 5.2110606508650207e-14 	 1.792773361919327e-20
0.030881645645645644 	 5.202615394519929e-14 	 1.78117981843363e-20
0.030931693693693692 	 5.19419746733434e-14 	 1.769679840324771e-20
0.03098174174174174 	 5.1858067368653053e-14 	 1.75827252291339e-20
0.03103178978978979 	 5.1774430715242904e-14 	 1.7469569717088835e-20
0.03108183783783784 	 5.1691063405702975e-14 	 1.735732302278483e-20
0.031131885885885887 	 5.160796414103054e-14 	 1.7245976401182068e-20
0.031181933933933932 	 5.152513163056264e-14 	 1.7135521205256837e-20
0.03123198198198198 	 5.144256459190923e-14 	 1.702594888474797e-20
0.031282030030030036 	 5.13602617508871e-14 	 1.691725098492139e-20
0.03133207807807808 	 5.1278221841454264e-14 	 1.6809419145352328e-20
0.03138212612612613 	 5.119644360564496e-14 	 1.6702445098724817e-20
0.031432174174174175 	 5.1114925793505516e-14 	 1.6596320669648716e-20
0.031482222222222224 	 5.103366716303057e-14 	 1.6491037773493288e-20
0.03153227027027027 	 5.095266648009999e-14 	 1.6386588415237492e-20
0.03158231831831832 	 5.087192251841643e-14 	 1.6282964688336744e-20
0.03163236636636637 	 5.0791434059443425e-14 	 1.6180158773605623e-20
0.03168241441441442 	 5.07111998923441e-14 	 1.6078162938116517e-20
0.03173246246246247 	 5.063121881392043e-14 	 1.5976969534113837e-20
0.031782510510510516 	 5.0551489628553136e-14 	 1.5876570997943578e-20
0.031832558558558564 	 5.047201114814208e-14 	 1.5776959848998024e-20
0.03188260660660661 	 5.0392782192047245e-14 	 1.5678128688675258e-20
0.031932654654654655 	 5.0313801587030287e-14 	 1.5580070199353422e-20
0.0319827027027027 	 5.023506816719661e-14 	 1.5482777143379222e-20
0.03203275075075075 	 5.0156580773938006e-14 	 1.538624236207085e-20
0.0320827987987988 	 5.007833825587585e-14 	 1.5290458774734663e-20
0.03213284684684685 	 5.0000339468804717e-14 	 1.5195419377695723e-20
0.0321828948948949 	 4.992258327563669e-14 	 1.510111724334185e-20
0.032232942942942946 	 4.9845068546346094e-14 	 1.5007545519181025e-20
0.032282990990990995 	 4.9767794157914667e-14 	 1.4914697426911823e-20
0.032333039039039044 	 4.9690758994277455e-14 	 1.4822566261506917e-20
0.03238308708708709 	 4.961396194626898e-14 	 1.4731145390309182e-20
0.03243313513513514 	 4.953740191157005e-14 	 1.4640428252140326e-20
0.03248318318318318 	 4.946107779465503e-14 	 1.4550408356421962e-20
0.03253323123123123 	 4.938498850673951e-14 	 1.446107928230864e-20
0.03258327927927928 	 4.930913296572866e-14 	 1.4372434677833047e-20
0.03263332732732733 	 4.9233510096165806e-14 	 1.42844682590628e-20
0.03268337537537538 	 4.9158118829181694e-14 	 1.4197173809268958e-20
0.032733423423423426 	 4.908295810244408e-14 	 1.4110545178105832e-20
0.032783471471471475 	 4.900802686010785e-14 	 1.4024576280802163e-20
0.03283351951951952 	 4.8933324052765606e-14 	 1.39392610973633e-20
0.03288356756756757 	 4.8858848637398594e-14 	 1.385459367178425e-20
0.03293361561561562 	 4.878459957732827e-14 	 1.377056811127357e-20
0.03298366366366367 	 4.8710575842168104e-14 	 1.3687178585487704e-20
0.03303371171171172 	 4.8636776407775974e-14 	 1.3604419325775885e-20
0.03308375975975976 	 4.856320025620693e-14 	 1.3522284624435166e-20
0.03313380780780781 	 4.848984637566631e-14 	 1.3440768833975563e-20
0.03318385585585586 	 4.84167137604635e-14 	 1.3359866366395293e-20
0.033233903903903905 	 4.8343801410965863e-14 	 1.3279571692465633e-20
0.033283951951951954 	 4.827110833355324e-14 	 1.3199879341025525e-20
0.033334 	 4.81986335405728e-14 	 1.312078389828572e-20
0.03338404804804805 	 4.812637605029429e-14 	 1.3042280007142175e-20
0.0334340960960961 	 4.8054334886865775e-14 	 1.2964362366498834e-20
0.03348414414414415 	 4.7982509080269624e-14 	 1.2887025730599364e-20
0.0335341921921922 	 4.791089766627903e-14 	 1.2810264908367919e-20
0.033584240240240246 	 4.783949968641483e-14 	 1.2734074762758692e-20
0.033634288288288294 	 4.776831418790276e-14 	 1.2658450210114219e-20
0.033684336336336336 	 4.769734022363109e-14 	 1.2583386219532149e-20
0.033734384384384385 	 4.7626576852108553e-14 	 1.2508877812240504e-20
0.03378443243243243 	 4.755602313742278e-14 	 1.243492006098129e-20
0.03383448048048048 	 4.748567814919904e-14 	 1.2361508089402216e-20
0.03388452852852853 	 4.7415540962559295e-14 	 1.2288637071456526e-20
0.03393457657657658 	 4.73456106580817e-14 	 1.2216302230810783e-20
0.03398462462462463 	 4.7275886321760407e-14 	 1.2144498840260448e-20
0.034034672672672676 	 4.72063670449658e-14 	 1.2073222221153233e-20
0.034084720720720725 	 4.713705192440494e-14 	 1.2002467742819999e-20
0.034134768768768774 	 4.7067940062082476e-14 	 1.1932230822013187e-20
0.03418481681681682 	 4.699903056526192e-14 	 1.1862506922352625e-20
0.03423486486486487 	 4.6930322546427125e-14 	 1.1793291553778607e-20
0.03428491291291291 	 4.686181512324422e-14 	 1.1724580272012106e-20
0.03433496096096096 	 4.6793507418523844e-14 	 1.165636867802214e-20
0.03438500900900901 	 4.672539856018371e-14 	 1.1588652417500014e-20
0.03443505705705706 	 4.6657487681211455e-14 	 1.1521427180340445e-20
0.03448510510510511 	 4.658977391962792e-14 	 1.1454688700129516e-20
0.034535153153153156 	 4.6522256418450596e-14 	 1.138843275363918e-20
0.034585201201201204 	 4.645493432565752e-14 	 1.1322655160328412e-20
0.03463524924924925 	 4.638780679415145e-14 	 1.1257351781850833e-20
0.0346852972972973 	 4.63208729817243e-14 	 1.1192518521568696e-20
0.03473534534534535 	 4.6254132051021926e-14 	 1.1128151324073131e-20
0.0347853933933934 	 4.6187583169509204e-14 	 1.1064246174710641e-20
0.03483544144144145 	 4.612122550943543e-14 	 1.1000799099115698e-20
0.03488548948948949 	 4.6055058247800005e-14 	 1.0937806162749322e-20
0.03493553753753754 	 4.5989080566318375e-14 	 1.0875263470443634e-20
0.03498558558558559 	 4.59232916513883e-14 	 1.0813167165952254e-20
0.035035633633633635 	 4.585769069405649e-14 	 1.0751513431506474e-20
0.035085681681681684 	 4.5792276889985326e-14 	 1.0690298487377062e-20
0.03513572972972973 	 4.5727049439420085e-14 	 1.0629518591441773e-20
0.03518577777777778 	 4.5662007547156306e-14 	 1.0569170038758281e-20
0.03523582582582583 	 4.5597150422507456e-14 	 1.0509249161142609e-20
0.03528587387387388 	 4.553247727927296e-14 	 1.0449752326752969e-20
0.03533592192192193 	 4.546798733570632e-14 	 1.0390675939678771e-20
0.035385969969969976 	 4.5403679814483733e-14 	 1.0332016439535018e-20
0.035436018018018024 	 4.53395539426728e-14 	 1.0273770301061692e-20
0.035486066066066066 	 4.5275608951701555e-14 	 1.0215934033728329e-20
0.035536114114114115 	 4.521184407732776e-14 	 1.015850418134351e-20
0.03558616216216216 	 4.514825855960848e-14 	 1.0101477321669336e-20
0.03563621021021021 	 4.5084851642869913e-14 	 1.0044850066040804e-20
0.03568625825825826 	 4.502162257567738e-14 	 9.988619058989827e-21
0.03573630630630631 	 4.4958570610805707e-14 	 9.932780977874173e-21
0.03578635435435436 	 4.4895695005209766e-14 	 9.877332532510922e-21
0.035836402402402406 	 4.483299501999527e-14 	 9.822270464814575e-21
0.035886450450450455 	 4.477046992038987e-14 	 9.76759154843973e-21
0.035936498498498504 	 4.4708118975714416e-14 	 9.713292588428141e-21
0.03598654654654655 	 4.464594145935451e-14 	 9.659370420860277e-21
0.0360365945945946 	 4.4583936648732276e-14 	 9.605821912511155e-21
0.03608664264264264 	 4.452210382527837e-14 	 9.552643960510514e-21
0.03613669069069069 	 4.4460442274404215e-14 	 9.499833492007159e-21
0.03618673873873874 	 4.4398951285474485e-14 	 9.447387463837538e-21
0.03623678678678679 	 4.433763015177979e-14 	 9.395302862198386e-21
0.03628683483483484 	 4.4276478170509645e-14 	 9.343576702323461e-21
0.036336882882882886 	 4.4215494642725537e-14 	 9.292206028164196e-21
0.036386930930930934 	 4.415467887333439e-14 	 9.241187912074435e-21
0.03643697897897898 	 4.409403017106207e-14 	 9.190519454498902e-21
0.03648702702702703 	 4.403354784842726e-14 	 9.14019778366564e-21
0.03653707507507508 	 4.3973231221715466e-14 	 9.090220055282161e-21
0.03658712312312313 	 4.3913079610953226e-14 	 9.040583452235336e-21
0.03663717117117118 	 4.385309233988258e-14 	 8.991285184294995e-21
0.03668721921921922 	 4.3793268735935735e-14 	 8.94232248782112e-21
0.03673726726726727 	 4.3733608130209887e-14 	 8.893692625474656e-21
0.036787315315315317 	 4.3674109857442374e-14 	 8.845392885931858e-21
0.036837363363363365 	 4.3614773255985845e-14 	 8.797420583602067e-21
0.036887411411411414 	 4.355559766778383e-14 	 8.749773058349011e-21
0.03693745945945946 	 4.3496582438346315e-14 	 8.702447675215407e-21
0.03698750750750751 	 4.343772691672572e-14 	 8.655441824150992e-21
0.03703755555555556 	 4.337903045549286e-14 	 8.6087529197438e-21
0.03708760360360361 	 4.3320492410713304e-14 	 8.562378400954728e-21
0.03713765165165166 	 4.3262112141923746e-14 	 8.516315730855276e-21
0.037187699699699706 	 4.320388901210869e-14 	 8.470562396368512e-21
0.037237747747747754 	 4.3145822387677266e-14 	 8.425115908013109e-21
0.037287795795795796 	 4.3087911638440264e-14 	 8.379973799650513e-21
0.037337843843843845 	 4.303015613758731e-14 	 8.335133628235123e-21
0.03738789189189189 	 4.297255526166426e-14 	 8.29059297356748e-21
0.03743793993993994 	 4.29151083905508e-14 	 8.246349438050461e-21
0.03748798798798799 	 4.2857814907438137e-14 	 8.20240064644832e-21
0.03753803603603604 	 4.280067419880696e-14 	 8.158744245648674e-21
0.03758808408408409 	 4.2743685654405523e-14 	 8.115377904427322e-21
0.037638132132132136 	 4.268684866722793e-14 	 8.072299313215855e-21
0.037688180180180185 	 4.263016263349259e-14 	 8.029506183872079e-21
0.037738228228228234 	 4.257362695262083e-14 	 7.986996249453113e-21
0.03778827627627628 	 4.251724102721564e-14 	 7.944767263991234e-21
0.03783832432432433 	 4.246100426304074e-14 	 7.902817002272374e-21
0.03788837237237237 	 4.240491606899959e-14 	 7.861143259617237e-21
0.03793842042042042 	 4.234897585711475e-14 	 7.819743851665003e-21
0.03798846846846847 	 4.229318304250729e-14 	 7.778616614159611e-21
0.03803851651651652 	 4.223753704337646e-14 	 7.737759402738568e-21
0.03808856456456457 	 4.21820372809794e-14 	 7.69717009272423e-21
0.038138612612612616 	 4.2126683179611155e-14 	 7.656846578917556e-21
0.038188660660660664 	 4.2071474166584676e-14 	 7.616786775394282e-21
0.03823870870870871 	 4.201640967221115e-14 	 7.57698861530351e-21
0.03828875675675676 	 4.196148912978036e-14 	 7.537450050668647e-21
0.03833880480480481 	 4.1906711975541286e-14 	 7.498169052190682e-21
0.03838885285285286 	 4.185207764868274e-14 	 7.459143609053741e-21
0.03843890090090091 	 4.179758559131429e-14 	 7.420371728732978e-21
0.03848894894894895 	 4.174323524844728e-14 	 7.381851436804657e-21
0.038538996996997 	 4.168902606797591e-14 	 7.343580776758442e-21
0.038589045045045046 	 4.1634957500658676e-14 	 7.30555780981194e-21
0.038639093093093095 	 4.158102900009963e-14 	 7.267780614727308e-21
0.038689141141141144 	 4.1527240022730187e-14 	 7.230247287630105e-21
0.03873918918918919 	 4.147359002779068e-14 	 7.192955941830112e-21
0.03878923723723724 	 4.1420078477312364e-14 	 7.155904707644344e-21
0.03883928528528529 	 4.136670483609935e-14 	 7.119091732222057e-21
0.03888933333333334 	 4.131346857171084e-14 	 7.082515179371779e-21
0.03893938138138139 	 4.126036915444333e-14 	 7.046173229390348e-21
0.038989429429429436 	 4.120740605731313e-14 	 7.010064078893925e-21
0.03903947747747748 	 4.11545787560389e-14 	 6.974185940650944e-21
0.039089525525525526 	 4.110188672902429e-14 	 6.938537043416974e-21
0.039139573573573574 	 4.1049329457340854e-14 	 6.903115631771501e-21
0.03918962162162162 	 4.099690642471102e-14 	 6.867919965956586e-21
0.03923966966966967 	 4.094461711749111e-14 	 6.832948321717322e-21
0.03928971771771772 	 4.089246102465461e-14 	 6.79819899014418e-21
0.03933976576576577 	 4.084043763777553e-14 	 6.7636702775171146e-21
0.03938981381381382 	 4.0788546451011866e-14 	 6.729360505151474e-21
0.039439861861861866 	 4.07367869610892e-14 	 6.6952680092456275e-21
0.039489909909909915 	 4.0685158667284454e-14 	 6.661391140730393e-21
0.039539957957957964 	 4.0633661071409724e-14 	 6.627728265120103e-21
0.03959000600600601 	 4.058229367779625e-14 	 6.594277762365428e-21
0.039640054054054054 	 4.0531055993278556e-14 	 6.561038026707822e-21
0.0396901021021021 	 4.047994752717858e-14 	 6.5280074665356174e-21
0.03974015015015015 	 4.042896779129012e-14 	 6.495184504241798e-21
0.0397901981981982 	 4.037811629986319e-14 	 6.462567576083325e-21
0.03984024624624625 	 4.032739256958866e-14 	 6.4301551320420634e-21
0.0398902942942943 	 4.027679611958293e-14 	 6.397945635687309e-21
0.039940342342342346 	 4.022632647137269e-14 	 6.365937564039803e-21
0.039990390390390394 	 4.017598314887991e-14 	 6.334129407437332e-21
0.04004043843843844 	 4.01257656784068e-14 	 6.302519669401809e-21
0.04009048648648649 	 4.007567358862099e-14 	 6.271106866507841e-21
0.04014053453453454 	 4.00257064105408e-14 	 6.239889528252791e-21
0.04019058258258259 	 3.997586367752056e-14 	 6.2088661969282714e-21
0.04024063063063063 	 3.99261449252361e-14 	 6.178035427493082e-21
0.04029067867867868 	 3.987654969167035e-14 	 6.147395787447567e-21
0.04034072672672673 	 3.982707751709902e-14 	 6.116945856709371e-21
0.040390774774774776 	 3.9777727944076364e-14 	 6.0866842274905826e-21
0.040440822822822825 	 3.972850051742115e-14 	 6.056609504176237e-21
0.040490870870870874 	 3.967939478420257e-14 	 6.0267203032041554e-21
0.04054091891891892 	 3.963041029372644e-14 	 5.997015252946161e-21
0.04059096696696697 	 3.958154659752136e-14 	 5.967492993590552e-21
0.04064101501501502 	 3.9532803249325033e-14 	 5.938152177025919e-21
0.04069106306306307 	 3.948417980507071e-14 	 5.9089914667262284e-21
0.04074111111111112 	 3.943567582287365e-14 	 5.8800095376371825e-21
0.040791159159159165 	 3.9387290863017773e-14 	 5.851205076063807e-21
0.04084120720720721 	 3.933902448794238e-14 	 5.8225767795593186e-21
0.040891255255255256 	 3.9290876262228954e-14 	 5.79412335681518e-21
0.040941303303303304 	 3.924284575258801e-14 	 5.765843527552365e-21
0.04099135135135135 	 3.9194932527846197e-14 	 5.737736022413842e-21
0.0410413993993994 	 3.914713615893335e-14 	 5.709799582858218e-21
0.04109144744744745 	 3.909945621886962e-14 	 5.6820329610545196e-21
0.0411414954954955 	 3.905189228275289e-14 	 5.654434919778186e-21
0.04119154354354355 	 3.900444392774603e-14 	 5.627004232308133e-21
0.041241591591591596 	 3.895711073306445e-14 	 5.599739682324989e-21
0.041291639639639645 	 3.8909892279963595e-14 	 5.572640063810408e-21
0.041341687687687693 	 3.886278815172666e-14 	 5.545704180947483e-21
0.04139173573573574 	 3.8815797933652296e-14 	 5.518930848022263e-21
0.041441783783783784 	 3.8768921213042446e-14 	 5.492318889326305e-21
0.04149183183183183 	 3.872215757919023e-14 	 5.465867139060295e-21
0.04154187987987988 	 3.867550662336803e-14 	 5.439574441238739e-21
0.04159192792792793 	 3.862896793881551e-14 	 5.4134396495956394e-21
0.04164197597597598 	 3.858254112072783e-14 	 5.387461627491222e-21
0.04169202402402403 	 3.8536225766243875e-14 	 5.3616392478196476e-21
0.041742072072072076 	 3.849002147443466e-14 	 5.335971392917743e-21
0.041792120120120124 	 3.84439278462917e-14 	 5.3104569544746904e-21
0.04184216816816817 	 3.839794448471554e-14 	 5.285094833442685e-21
0.04189221621621622 	 3.8352070994504405e-14 	 5.259883939948592e-21
0.04194226426426427 	 3.83063069823428e-14 	 5.234823193206493e-21
0.04199231231231232 	 3.826065205679031e-14 	 5.209911521431212e-21
0.04204236036036036 	 3.8215105828270444e-14 	 5.185147861752745e-21
0.04209240840840841 	 3.8169667909059515e-14 	 5.160531160131602e-21
0.04214245645645646 	 3.8124337913275706e-14 	 5.136060371275087e-21
0.042192504504504506 	 3.8079115456868076e-14 	 5.111734458554413e-21
0.042242552552552555 	 3.803400015760576e-14 	 5.087552393922753e-21
0.042292600600600604 	 3.798899163506718e-14 	 5.0635131578341164e-21
0.04234264864864865 	 3.794408951062935e-14 	 5.039615739163129e-21
0.0423926966966967 	 3.789929340745728e-14 	 5.0158591351256325e-21
0.04244274474474475 	 3.7854602950493414e-14 	 4.9922423512001436e-21
0.0424927927927928 	 3.7810017766447154e-14 	 4.9687644010501276e-21
0.04254284084084085 	 3.776553748378451e-14 	 4.9454243064471125e-21
0.042592888888888895 	 3.772116173271772e-14 	 4.922221097194608e-21
0.04264293693693694 	 3.767689014519506e-14 	 4.899153811052807e-21
0.042692984984984986 	 3.7632722354890607e-14 	 4.876221493664115e-21
0.042743033033033034 	 3.758865799719421e-14 	 4.853423198479435e-21
0.04279308108108108 	 3.75446967092014e-14 	 4.830757986685248e-21
0.04284312912912913 	 3.7500838129703436e-14 	 4.808224927131436e-21
0.04289317717717718 	 3.7457081899177424e-14 	 4.785823096259877e-21
0.04294322522522523 	 3.74134276597765e-14 	 4.7635515780337885e-21
0.04299327327327328 	 3.736987505532005e-14 	 4.741409463867799e-21
0.043043321321321326 	 3.7326423731284066e-14 	 4.7193958525587706e-21
0.043093369369369375 	 3.728307333479144e-14 	 4.6975098502173015e-21
0.04314341741741742 	 3.723982351460253e-14 	 4.675750570200004e-21
0.04319346546546547 	 3.7196673921105574e-14 	 4.654117133042427e-21
0.043243513513513514 	 3.715362420630733e-14 	 4.632608666392725e-21
0.04329356156156156 	 3.7110674023823666e-14 	 4.611224304945965e-21
0.04334360960960961 	 3.7067823028870353e-14 	 4.5899631903791855e-21
0.04339365765765766 	 3.702507087825375e-14 	 4.568824471287044e-21
0.04344370570570571 	 3.6982417230361695e-14 	 4.5478073031181975e-21
0.04349375375375376 	 3.693986174515439e-14 	 4.526910848112313e-21
0.043543801801801806 	 3.6897404084155365e-14 	 4.506134275237725e-21
0.043593849849849854 	 3.68550439104425e-14 	 4.4854767601297504e-21
0.0436438978978979 	 3.681278088863913e-14 	 4.464937485029632e-21
0.04369394594594595 	 3.677061468490519e-14 	 4.444515638724104e-21
0.043743993993994 	 3.672854496692838e-14 	 4.424210416485584e-21
0.04379404204204205 	 3.668657140391551e-14 	 4.40402102001299e-21
0.04384409009009009 	 3.6644693666583795e-14 	 4.3839466573731474e-21
0.04389413813813814 	 3.66029114271522e-14 	 4.36398654294279e-21
0.04394418618618619 	 3.656122435933296e-14 	 4.344139897351194e-21
0.043994234234234236 	 3.651963213832307e-14 	 4.324405947423351e-21
0.044044282282282285 	 3.647813444079579e-14 	 4.3047839261237496e-21
0.044094330330330334 	 3.6436730944892375e-14 	 4.285273072500729e-21
0.04414437837837838 	 3.639542133021362e-14 	 4.265872631631369e-21
0.04419442642642643 	 3.6354205277811717e-14 	 4.246581854566998e-21
0.04424447447447448 	 3.631308247018198e-14 	 4.2273999982791956e-21
0.04429452252252253 	 3.6272052591254716e-14 	 4.2083263256063854e-21
0.04434457057057058 	 3.623111532638709e-14 	 4.189360105200936e-21
0.044394618618618625 	 3.6190270362355144e-14 	 4.170500611476835e-21
0.04444466666666667 	 3.614951738734577e-14 	 4.151747124557865e-21
0.044494714714714716 	 3.6108856090948747e-14 	 4.133098930226293e-21
0.044544762762762764 	 3.606828616414895e-14 	 4.114555319872133e-21
0.04459481081081081 	 3.602780729931842e-14 	 4.096115590442846e-21
0.04464485885885886 	 3.598741919020864e-14 	 4.077779044393604e-21
0.04469490690690691 	 3.5947121531942826e-14 	 4.0595449896380355e-21
0.04474495495495496 	 3.5906914021008214e-14 	 4.0414127394994415e-21
0.04479500300300301 	 3.5866796355248494e-14 	 4.023381612662562e-21
0.044845051051051056 	 3.5826768233856154e-14 	 4.005450933125747e-21
0.044895099099099105 	 3.5786829357365067e-14 	 3.9876200301536786e-21
0.04494514714714715 	 3.574697942764293e-14 	 3.969888238230517e-21
0.044995195195195195 	 3.5707218147883926e-14 	 3.952254897013549e-21
0.045045243243243244 	 3.566754522260129e-14 	 3.934719351287268e-21
0.04509529129129129 	 3.5627960357620016e-14 	 3.917280950917935e-21
0.04514533933933934 	 3.5588463260069614e-14 	 3.899939050808583e-21
0.04519538738738739 	 3.554905363837682e-14 	 3.8826930108544724e-21
0.04524543543543544 	 3.5509731202258486e-14 	 3.865542195898986e-21
0.04529548348348349 	 3.5470495662714415e-14 	 3.84848597568996e-21
0.045345531531531535 	 3.5431346732020307e-14 	 3.8315237248364576e-21
0.045395579579579584 	 3.5392284123720685e-14 	 3.8146548227659536e-21
0.04544562762762763 	 3.5353307552621967e-14 	 3.79787865368197e-21
0.04549567567567568 	 3.531441673478547e-14 	 3.781194606522098e-21
0.04554572372372373 	 3.5275611387520546e-14 	 3.764602074916457e-21
0.04559577177177177 	 3.523689122937773e-14 	 3.748100457146559e-21
0.04564581981981982 	 3.519825598014192e-14 	 3.731689156104571e-21
0.04569586786786787 	 3.515970536082563e-14 	 3.715367579252982e-21
0.04574591591591592 	 3.5121239093662286e-14 	 3.699135138584677e-21
0.045795963963963966 	 3.5082856902099506e-14 	 3.6829912505833784e-21
0.045846012012012015 	 3.504455851079256e-14 	 3.6669353361845116e-21
0.045896060060060064 	 3.500634364559769e-14 	 3.650966820736407e-21
0.04594610810810811 	 3.4968212033565635e-14 	 3.6350851339619355e-21
0.04599615615615616 	 3.4930163402935085e-14 	 3.6192897099204626e-21
0.04604620420420421 	 3.489219748312629e-14 	 3.603579986970236e-21
0.04609625225225226 	 3.4854314004734577e-14 	 3.5879554077310724e-21
0.04614630030030031 	 3.4816512699524e-14 	 3.572415419047467e-21
0.04619634834834835 	 3.477879330042103e-14 	 3.5569594719520296e-21
0.0462463963963964 	 3.474115554150824e-14 	 3.541587021629283e-21
0.046296444444444446 	 3.4703599158018087e-14 	 3.526297527379812e-21
0.046346492492492494 	 3.4666123886326673e-14 	 3.511090452584779e-21
0.04639654054054054 	 3.462872946394756e-14 	 3.495965264670739e-21
0.04644658858858859 	 3.45914156295257e-14 	 3.480921435074846e-21
0.04649663663663664 	 3.455418212283132e-14 	 3.465958439210372e-21
0.04654668468468469 	 3.451702868475384e-14 	 3.451075756432544e-21
0.04659673273273274 	 3.44799550572959e-14 	 3.436272870004743e-21
0.046646780780780786 	 3.444296098356739e-14 	 3.421549267065009e-21
0.046696828828828835 	 3.4406046207779475e-14 	 3.406904438592871e-21
0.04674687687687688 	 3.436921047523876e-14 	 3.392337879376494e-21
0.046796924924924925 	 3.433245353234139e-14 	 3.377849087980161e-21
0.046846972972972974 	 3.429577512656722e-14 	 3.3634375667120225e-21
0.04689702102102102 	 3.425917500647409e-14 	 3.3491028215922153e-21
0.04694706906906907 	 3.422265292169201e-14 	 3.334844362321242e-21
0.04699711711711712 	 3.418620862291751e-14 	 3.320661702248659e-21
0.04704716516516517 	 3.4149841861907925e-14 	 3.306554358342092e-21
0.04709721321321322 	 3.411355239147576e-14 	 3.292521851156501e-21
0.047147261261261265 	 3.4077339965483136e-14 	 3.2785637048037856e-21
0.047197309309309314 	 3.4041204338836184e-14 	 3.2646794469226593e-21
0.04724735735735736 	 3.4005145267479504e-14 	 3.250868608648785e-21
0.04729740540540541 	 3.3969162508390705e-14 	 3.237130724585246e-21
0.04734745345345346 	 3.393325581957494e-14 	 3.2234653327732643e-21
0.0473975015015015 	 3.3897424960059476e-14 	 3.2098719746632003e-21
0.04744754954954955 	 3.386166968988826e-14 	 3.1963501950858167e-21
0.0474975975975976 	 3.382598977011666e-14 	 3.182899542223863e-21
0.04754764564564565 	 3.3790384962806017e-14 	 3.1695195675838555e-21
0.047597693693693696 	 3.375485503101849e-14 	 3.156209825968192e-21
0.047647741741741745 	 3.371939973881169e-14 	 3.142969875447482e-21
0.04769778978978979 	 3.3684018851233534e-14 	 3.1297992773331658e-21
0.04774783783783784 	 3.364871213431698e-14 	 3.1166975961503723e-21
0.04779788588588589 	 3.3613479355074946e-14 	 3.103664399611051e-21
0.04784793393393394 	 3.3578320281495144e-14 	 3.0906992585873457e-21
0.04789798198198199 	 3.354323468253497e-14 	 3.07780174708521e-21
0.04794803003003004 	 3.350822232811652e-14 	 3.064971442218296e-21
0.04799807807807808 	 3.347328298912144e-14 	 3.0522079241820483e-21
0.04804812612612613 	 3.343841643738604e-14 	 3.0395107762280885e-21
0.048098174174174176 	 3.3403622445696276e-14 	 3.0268795846387998e-21
0.048148222222222224 	 3.336890078778282e-14 	 3.014313938702164e-21
0.04819827027027027 	 3.3334251238316154e-14 	 3.0018134306868413e-21
0.04824831831831832 	 3.32996735729017e-14 	 2.989377655817466e-21
0.04829836636636637 	 3.3265167568074975e-14 	 2.9770062122501773e-21
0.04834841441441442 	 3.323073300129677e-14 	 2.9646987010483927e-21
0.04839846246246247 	 3.319636965094838e-14 	 2.9524547261587824e-21
0.048448510510510516 	 3.3162077296326845e-14 	 2.9402738943874857e-21
0.048498558558558565 	 3.312785571764022e-14 	 2.9281558153765378e-21
0.04854860660660661 	 3.309370469600287e-14 	 2.9161001015805206e-21
0.048598654654654655 	 3.305962401343084e-14 	 2.9041063682434264e-21
0.048648702702702704 	 3.302561345283716e-14 	 2.892174233375729e-21
0.04869875075075075 	 3.299167279802727e-14 	 2.880303317731683e-21
0.0487487987987988 	 3.295780183369446e-14 	 2.868493244786822e-21
0.04879884684684685 	 3.2924000345415286e-14 	 2.856743640715665e-21
0.0488488948948949 	 3.289026811964505e-14 	 2.845054134369624e-21
0.04889894294294295 	 3.2856604943713295e-14 	 2.833424357255123e-21
0.048948990990990995 	 3.282301060581935e-14 	 2.8218539435119105e-21
0.048999039039039044 	 3.2789484895027917e-14 	 2.8103425298915876e-21
0.04904908708708709 	 3.2756027601264544e-14 	 2.798889755736295e-21
0.04909913513513514 	 3.2722638515311424e-14 	 2.787495262957656e-21
0.04914918318318319 	 3.268931742880284e-14 	 2.776158696015838e-21
0.04919923123123123 	 3.265606413422095e-14 	 2.7648797018988763e-21
0.04924927927927928 	 3.262287842489145e-14 	 2.7536579301021302e-21
0.04929932732732733 	 3.258976009497928e-14 	 2.74249303260797e-21
0.04934937537537538 	 3.2556708939484374e-14 	 2.7313846638656187e-21
0.049399423423423426 	 3.252372475423745e-14 	 2.720332480771189e-21
0.049449471471471475 	 3.2490807335895764e-14 	 2.7093361426479094e-21
0.04949951951951952 	 3.245795648193898e-14 	 2.6983953112265065e-21
0.04954956756756757 	 3.242517199066497e-14 	 2.687509650625801e-21
0.04959961561561562 	 3.239245366118574e-14 	 2.676678827333441e-21
0.04964966366366367 	 3.235980129342326e-14 	 2.665902510186838e-21
0.04969971171171172 	 3.232721468810545e-14 	 2.6551803703542666e-21
0.04974975975975977 	 3.229469364676208e-14 	 2.644512081316126e-21
0.04979980780780781 	 3.226223797172077e-14 	 2.6338973188463892e-21
0.04984985585585586 	 3.222984746610296e-14 	 2.6233357609941962e-21
0.049899903903903906 	 3.219752193381995e-14 	 2.6128270880656415e-21
0.049949951951951954 	 3.2165261179568924e-14 	 2.6023709826056975e-21
0.05 	 3.213306500882907e-14 	 2.5919671293803226e-21
