5.48948948948949e-05 	 1.870824385365681e-10 	 0.0010502830708157419
5.987987987987988e-05 	 1.7150787243974247e-10 	 0.0007418404581224998
6.486486486486487e-05 	 1.5832717483557706e-10 	 0.0005387609701375949
6.984984984984985e-05 	 1.4702781498058749e-10 	 0.0004006565889795438
7.483483483483484e-05 	 1.3723382730531561e-10 	 0.000304101791706266
7.981981981981982e-05 	 1.2866316690927255e-10 	 0.0002349585343580944
8.480480480480481e-05 	 1.2110010539831673e-10 	 0.00018439636745771993
8.978978978978979e-05 	 1.1437682195479816e-10 	 0.0001467325204570803
9.477477477477477e-05 	 1.083608040699767e-10 	 0.00011821243213696063
9.975975975975976e-05 	 1.029460257811097e-10 	 9.629696916224219e-05
0.00010474474474474475 	 9.80466449669858e-11 	 7.923284052843768e-05
0.00010972972972972973 	 9.359241862201601e-11 	 6.578652685850739e-05
0.00011471471471471471 	 8.952531351959332e-11 	 5.507540243653068e-05
0.0001196996996996997 	 8.579696378445721e-11 	 4.64581544454291e-05
0.0001246846846846847 	 8.236673835376842e-11 	 3.94622416343666e-05
0.0001296696696696697 	 7.920025420214137e-11 	 3.3734989466229226e-05
0.00013465465465465465 	 7.626821981374809e-11 	 2.9010065888350696e-05
0.00013963963963963964 	 7.354552637523581e-11 	 2.5084145967267508e-05
0.00014462462462462464 	 7.101052691961098e-11 	 2.1800437931042864e-05
0.00014960960960960963 	 6.864445958346978e-11 	 1.903690041610848e-05
0.0001545945945945946 	 6.643098244849387e-11 	 1.6697712454432733e-05
0.00015957957957957959 	 6.435579556734033e-11 	 1.470702838351723e-05
0.00016456456456456458 	 6.240633168701578e-11 	 1.3004357405780355e-05
0.00016954954954954954 	 6.057150153114532e-11 	 1.1541111468546335e-05
0.00017453453453453453 	 5.884148273311192e-11 	 1.027800224879699e-05
0.00017951951951951953 	 5.720754393523694e-11 	 9.18306139885374e-06
0.00018450450450450452 	 5.5661897403132567e-11 	 8.230122563132926e-06
0.0001894894894894895 	 5.419757490409612e-11 	 7.3976485336343556e-06
0.00019447447447447448 	 5.28083226752388e-11 	 6.667818513173896e-06
0.00019945945945945947 	 5.148851214165109e-11 	 6.025812941840691e-06
0.00020444444444444446 	 5.023306369636405e-11 	 5.459249494640885e-06
0.00020942942942942942 	 4.90373813657652e-11 	 4.9577355650443355e-06
0.00021441441441441442 	 4.7897296588914074e-11 	 4.5125111058823165e-06
0.0002193993993993994 	 4.680901966121633e-11 	 4.116162003741913e-06
0.0002243843843843844 	 4.576909765054155e-11 	 3.762388843915226e-06
0.0002293693693693694 	 4.477437780110585e-11 	 3.4458194235808083e-06
0.00023435435435435436 	 4.382197560800186e-11 	 3.1618560069641035e-06
0.00023933933933933935 	 4.2909246881411105e-11 	 2.9065503143673474e-06
0.00024432432432432437 	 4.203376323068417e-11 	 2.6765007610975793e-06
0.0002493093093093093 	 4.1193290489622565e-11 	 2.4687676318967326e-06
0.0002542942942942943 	 4.038576967936307e-11 	 2.2808027791393834e-06
0.0002592792792792793 	 3.960930016734381e-11 	 2.11039113356396e-06
0.0002642642642642643 	 3.886212473236892e-11 	 1.9556018627887005e-06
0.0002692492492492493 	 3.81426162887404e-11 	 1.814747441355824e-06
0.00027423423423423427 	 3.744926605834937e-11 	 1.6863492336554335e-06
0.00027921921921921926 	 3.6780673009770537e-11 	 1.5691084583235678e-06
0.0002842042042042042 	 3.613553440879612e-11 	 1.4618816152020303e-06
0.0002891891891891892 	 3.5512637346297663e-11 	 1.3636596256374841e-06
0.0002941741741741742 	 3.491085112748535e-11 	 1.2735500729696385e-06
0.00029915915915915917 	 3.432912042208858e-11 	 1.190762039610395e-06
0.00030414414414414416 	 3.3766459088156245e-11 	 1.1145931256573935e-06
0.00030912912912912916 	 3.322194459343758e-11 	 1.0444183058127157e-06
0.00031411411411411415 	 3.269471296795855e-11 	 9.79680339855639e-07
0.0003190990990990991 	 3.218395422970511e-11 	 9.198814996938284e-07
0.0003240840840840841 	 3.16889082324728e-11 	 8.645764151802156e-07
0.00032906906906906907 	 3.1208860891115763e-11 	 8.133658730901263e-07
0.00033405405405405406 	 3.074314074477225e-11 	 7.658914302235914e-07
0.00033903903903903905 	 3.029111582328135e-11 	 7.218307235847017e-07
0.00034402402402402405 	 2.9852190786037576e-11 	 6.808933788375915e-07
0.00034900900900900904 	 2.942580430604427e-11 	 6.428174334264907e-07
0.00035399399399399403 	 2.9011426674995456e-11 	 6.073662034233781e-07
0.000358978978978979 	 2.8608557607900822e-11 	 5.743255337750028e-07
0.00036396396396396396 	 2.8216724228122648e-11 	 5.435013805219161e-07
0.00036894894894894895 	 2.7835479215761557e-11 	 5.147176810494461e-07
0.00037393393393393394 	 2.7464399104147646e-11 	 4.878144747442358e-07
0.00037891891891891894 	 2.7103082710797784e-11 	 4.626462417667836e-07
0.00038390390390390393 	 2.6751149690616905e-11 	 4.390804321720107e-07
0.0003888888888888889 	 2.640823920037424e-11 	 4.169961614494535e-07
0.0003938738738738739 	 2.6074008664596406e-11 	 3.9628305182228365e-07
0.00039885885885885885 	 2.5748132634004403e-11 	 3.7684020143116345e-07
0.00040384384384384384 	 2.54303017284984e-11 	 3.5857526591067715e-07
0.00040882882882882884 	 2.5120221657473667e-11 	 3.4140363890573745e-07
0.0004138138138138138 	 2.4817612310946772e-11 	 3.2524771982555475e-07
0.0004187987987987988 	 2.4522206915592032e-11 	 3.100362586374604e-07
0.0004237837837837838 	 2.4233751250343428e-11 	 2.95703768798955e-07
0.0004287687687687688 	 2.3952002916714278e-11 	 2.8219000054479673e-07
0.0004337537537537538 	 2.3676730659432735e-11 	 2.694394677128139e-07
0.0004387387387387388 	 2.3407713733391267e-11 	 2.5740102212944386e-07
0.0004437237237237237 	 2.31447413132679e-11 	 2.4602747030234525e-07
0.0004487087087087087 	 2.288761194250077e-11 	 2.3527522779857557e-07
0.0004536936936936937 	 2.2636133018589258e-11 	 2.2510400723613394e-07
0.0004586786786786787 	 2.2390120311958e-11 	 2.154765362955123e-07
0.0004636636636636637 	 2.214939751585793e-11 	 2.063583025759757e-07
0.0004686486486486487 	 2.1913795824993365e-11 	 1.9771732248685034e-07
0.0004736336336336337 	 2.1683153540758712e-11 	 1.8952393168423497e-07
0.0004786186186186186 	 2.145731570114484e-11 	 1.8175059484429278e-07
0.0004836036036036036 	 2.1236133733534926e-11 	 1.7437173281084606e-07
0.0004885885885885887 	 2.103205393094661e-11 	 1.6736359570429832e-07
0.0004935735735735736 	 2.1034893244643637e-11 	 1.6070450034128098e-07
0.0004985585585585586 	 2.1037675483899878e-11 	 1.5437333649038785e-07
0.0005035435435435436 	 2.10404023437938e-11 	 1.4835091428904704e-07
0.0005085285285285286 	 2.1043075452938064e-11 	 1.426193413100194e-07
0.0005135135135135136 	 2.104569637670558e-11 	 1.3716192327053704e-07
0.0005184984984984986 	 2.104826662026964e-11 	 1.3196307320868968e-07
0.0005234834834834835 	 2.1050787631470135e-11 	 1.270082283323159e-07
0.0005284684684684686 	 2.105326080351774e-11 	 1.2228377382693977e-07
0.0005334534534534535 	 2.1055687477546303e-11 	 1.1777697298160438e-07
0.0005384384384384386 	 2.1058068945023654e-11 	 1.1347590305583143e-07
0.0005434234234234235 	 2.1060406450029468e-11 	 1.0936939636833261e-07
0.0005484084084084084 	 2.106270119140918e-11 	 1.0544698613931924e-07
0.0005533933933933935 	 2.106495432481124e-11 	 1.0169885666401319e-07
0.0005583783783783784 	 2.1067166964615386e-11 	 9.811579743588627e-08
0.0005633633633633635 	 2.1069340185758507e-11 	 9.4689160874787e-08
0.0005683483483483484 	 2.107147502546436e-11 	 9.141082334794957e-08
0.0005733333333333335 	 2.107357248488317e-11 	 8.827314920132427e-08
0.0005783183183183184 	 2.1075633530646305e-11 	 8.526895754511465e-08
0.0005833033033033033 	 2.1077659096341292e-11 	 8.239149156117358e-08
0.0005882882882882884 	 2.1079650083911917e-11 	 7.963439012128865e-08
0.0005932732732732733 	 2.1081607364987523e-11 	 7.699166152464255e-08
0.0005982582582582584 	 2.1083531782146117e-11 	 7.445765918008223e-08
0.0006032432432432433 	 2.1085424150114608e-11 	 7.202705907448759e-08
0.0006082282282282284 	 2.108728525691022e-11 	 6.969483888265531e-08
0.0006132132132132133 	 2.1087750283777542e-11 	 6.745628677556543e-08
0.0006181981981981982 	 2.1087244212325434e-11 	 6.530691647486578e-08
0.0006231831831831833 	 2.1086745951218423e-11 	 6.324247935604928e-08
0.0006281681681681682 	 2.1086255314514136e-11 	 6.125897956838715e-08
0.0006331531531531533 	 2.1085772122126058e-11 	 5.935263887918552e-08
0.0006381381381381382 	 2.1085296199594837e-11 	 5.751988323364836e-08
0.0006431231231231232 	 2.1084827377870248e-11 	 5.575733024140148e-08
0.0006481081081081082 	 2.108436549310311e-11 	 5.4061777519229175e-08
0.0006530930930930932 	 2.1083910386446803e-11 	 5.243019182541979e-08
0.0006580780780780782 	 2.1083461903867804e-11 	 5.085969892644132e-08
0.0006630630630630631 	 2.1083019895964785e-11 	 4.9347574141511163e-08
0.0006680480480480481 	 2.1082584217795707e-11 	 4.78912335150452e-08
0.0006730330330330331 	 2.1082154728712776e-11 	 4.6488225570999476e-08
0.0006780180180180181 	 2.108173129220451e-11 	 4.5136223606794825e-08
0.0006830030030030031 	 2.10813137757448e-11 	 4.3833018487876484e-08
0.0006879879879879881 	 2.1080902050648563e-11 	 4.257651190702909e-08
0.0006929729729729731 	 2.1080495991933543e-11 	 4.136471007537674e-08
0.0006979579579579581 	 2.1080095478188126e-11 	 4.019571781456761e-08
0.000702942942942943 	 2.1079700391444656e-11 	 3.906773302199706e-08
0.000707927927927928 	 2.107931061705828e-11 	 3.797904148307938e-08
0.000712912912912913 	 2.1078926043590706e-11 	 3.692801200655663e-08
0.000717897897897898 	 2.107854656269888e-11 	 3.5913091860648305e-08
0.000722882882882883 	 2.107817206902826e-11 	 3.493280248951082e-08
0.000727867867867868 	 2.1077802460110547e-11 	 3.398573549100789e-08
0.000732852852852853 	 2.1077437332386018e-11 	 3.307055099406084e-08
0.0007378378378378379 	 2.1077073851601014e-11 	 3.2185988523250776e-08
0.0007428228228228229 	 2.1076714964637354e-11 	 3.1330806252206564e-08
0.0007478078078078079 	 2.1076360579626557e-11 	 3.050384086893051e-08
0.0007527927927927929 	 2.107601060713355e-11 	 2.9703982447902986e-08
0.0007577777777777779 	 2.107566496007666e-11 	 2.8930171668315242e-08
0.0007627627627627628 	 2.1075323553650632e-11 	 2.8181397194312462e-08
0.0007677477477477479 	 2.107498630525279e-11 	 2.7456693206830487e-08
0.0007727327327327328 	 2.1074653134411976e-11 	 2.6755137077341792e-08
0.0007777177177177178 	 2.1074323962720246e-11 	 2.607584717450258e-08
0.0007827027027027028 	 2.1073998713767138e-11 	 2.5417980795317738e-08
0.0007876876876876877 	 2.1073677313076502e-11 	 2.4780732213018823e-08
0.0007926726726726728 	 2.107335968804565e-11 	 2.416333083438413e-08
0.0007976576576576577 	 2.1073045767886828e-11 	 2.3565039459726582e-08
0.0008026426426426428 	 2.1072735483570843e-11 	 2.2985152639231674e-08
0.0008076276276276277 	 2.1072428767772815e-11 	 2.242299511975452e-08
0.0008126126126126128 	 2.107212555481988e-11 	 2.187792037657765e-08
0.0008175975975975977 	 2.1071825780640832e-11 	 2.134930922499715e-08
0.0008225825825825826 	 2.1071529382717588e-11 	 2.0836568506943546e-08
0.0008275675675675677 	 2.1071236300038426e-11 	 2.0339129848158567e-08
0.0008325525525525526 	 2.1070946473052864e-11 	 1.9856448481741674e-08
0.0008375375375375377 	 2.107065984362821e-11 	 1.9388002134150807e-08
0.0008425225225225226 	 2.107037635500757e-11 	 1.8933289969995808e-08
0.0008475075075075076 	 2.107009595176942e-11 	 1.8491831592196498e-08
0.0008524924924924926 	 2.106981857978856e-11 	 1.8063166094296728e-08
0.0008574774774774776 	 2.1070478368720155e-11 	 1.764685818523538e-08
0.0008624624624624626 	 2.1071756468133026e-11 	 1.7242480572115918e-08
0.0008674474474474475 	 2.1073019594777937e-11 	 1.6849620787921175e-08
0.0008724324324324326 	 2.1074268005313934e-11 	 1.6467887375733634e-08
0.0008774174174174175 	 2.1075501950567303e-11 	 1.609690431334276e-08
0.0008824024024024025 	 2.1076721675696333e-11 	 1.573631032162317e-08
0.0008873873873873875 	 2.1077927420350516e-11 	 1.5385758207583822e-08
0.0008923723723723725 	 2.107911941882438e-11 	 1.5044914240167615e-08
0.0008973573573573575 	 2.10802979002063e-11 	 1.471345755699773e-08
0.0009023423423423424 	 2.1081463088522227e-11 	 1.4391079600374764e-08
0.0009073273273273274 	 2.1082615202874805e-11 	 1.4077483580931313e-08
0.0009123123123123124 	 2.108375445757786e-11 	 1.3772383967444973e-08
0.0009172972972972974 	 2.1084881062286526e-11 	 1.3475506001400055e-08
0.0009222822822822824 	 2.1085995222123165e-11 	 1.3186585234971042e-08
0.0009272672672672674 	 2.1087097137799145e-11 	 1.2905367091178908e-08
0.0009322522522522523 	 2.108818700573289e-11 	 1.2631606445044422e-08
0.0009372372372372373 	 2.1089265018163918e-11 	 1.2365067224630223e-08
0.0009422222222222223 	 2.1090331363263464e-11 	 1.2105522030928186e-08
0.0009472072072072073 	 2.1091386225241504e-11 	 1.185275177560797e-08
0.0009521921921921923 	 2.10924297844505e-11 	 1.1606545335699079e-08
0.0009571771771771773 	 2.1093462217485736e-11 	 1.1366699224331463e-08
0.0009621621621621623 	 2.1094483697282785e-11 	 1.1133017276709201e-08
0.0009671471471471472 	 2.109549439321173e-11 	 1.0905310350538241e-08
0.0009721321321321323 	 2.1096494471168587e-11 	 1.0683396040172565e-08
0.0009771171171171172 	 2.1097350181490828e-11 	 1.0467099243819495e-08
0.000982102102102102 	 2.1097045814220964e-11 	 1.0256256460763692e-08
0.000987087087087087 	 2.109674423910119e-11 	 1.0050696511691797e-08
0.0009920720720720721 	 2.1096445414042176e-11 	 9.850261341753577e-09
0.0009970570570570572 	 2.1096149297796378e-11 	 9.654798385776482e-09
0.0010020420420420422 	 2.1095855849936973e-11 	 9.464160351428177e-09
0.001007027027027027 	 2.1095565030837693e-11 	 9.278205011967224e-09
0.0010120120120120121 	 2.1095276801653e-11 	 9.096795008113169e-09
0.0010169969969969972 	 2.1094991124298993e-11 	 8.919797658592548e-09
0.001021981981981982 	 2.1094707961434842e-11 	 8.74708477894039e-09
0.001026966966966967 	 2.1094427276444715e-11 	 8.578532508159771e-09
0.001031951951951952 	 2.109414903342031e-11 	 8.414021142862374e-09
0.0010369369369369371 	 2.109387319714383e-11 	 8.253434978533114e-09
0.001041921921921922 	 2.1093599733071455e-11 	 8.096662157580427e-09
0.001046906906906907 	 2.10933286073173e-11 	 7.943594523851375e-09
0.001051891891891892 	 2.1093059786637844e-11 	 7.794127483307597e-09
0.001056876876876877 	 2.109279323841676e-11 	 7.648159870573304e-09
0.001061861861861862 	 2.1092528930650206e-11 	 7.505593821081805e-09
0.001066846846846847 	 2.1092266831932488e-11 	 7.366334648560755e-09
0.001071831831831832 	 2.1092006911442196e-11 	 7.230290727609554e-09
0.0010768168168168168 	 2.1091749138928645e-11 	 7.0973733811348596e-09
0.001081801801801802 	 2.109149348469872e-11 	 6.967496772421802e-09
0.001086786786786787 	 2.1091239919604142e-11 	 6.840577801629926e-09
0.001091771771771772 	 2.1090988415028958e-11 	 6.7165360065130225e-09
0.0010967567567567568 	 2.109073894287748e-11 	 6.5952934671722726e-09
0.0011017417417417419 	 2.109120904276902e-11 	 6.476777414120407e-09
0.001106726726726727 	 2.1092093727488057e-11 	 6.360913501009429e-09
0.0011117117117117117 	 2.109297019688221e-11 	 6.247629293562078e-09
0.0011166966966966968 	 2.1093838560973212e-11 	 6.136856168262482e-09
0.0011216816816816818 	 2.1094698927826934e-11 	 6.0285276219914524e-09
0.0011266666666666669 	 2.1095551403596724e-11 	 5.922579197476118e-09
0.0011316516516516517 	 2.109639609256544e-11 	 5.818948411675536e-09
0.0011366366366366368 	 2.1097233097186545e-11 	 5.717574686974146e-09
0.0011416216216216218 	 2.1098062518123995e-11 	 5.618399285061453e-09
0.0011466066066066066 	 2.1098884454291175e-11 	 5.521365243381843e-09
0.0011515915915915917 	 2.109969900288877e-11 	 5.426417314043963e-09
0.0011565765765765767 	 2.110050625944167e-11 	 5.3335019050844195e-09
0.0011615615615615618 	 2.110130631783495e-11 	 5.242567023985418e-09
0.0011665465465465466 	 2.1102099270348874e-11 	 5.153562223350576e-09
0.0011715315315315316 	 2.1102885207693095e-11 	 5.0664385486477074e-09
0.0011765165165165167 	 2.1103664219039858e-11 	 4.981148487931609e-09
0.0011815015015015015 	 2.1104436392056477e-11 	 4.8976459234637654e-09
0.0011864864864864866 	 2.1105201812936948e-11 	 4.815886085149802e-09
0.0011914714714714716 	 2.1105960566432752e-11 	 4.735825505719171e-09
0.0011964564564564567 	 2.110671273588295e-11 	 4.6574219775748685e-09
0.0012014414414414415 	 2.110745840324338e-11 	 4.580634511244326e-09
0.0012064264264264265 	 2.1108197649115376e-11 	 4.505423295365814e-09
0.0012114114114114116 	 2.1108930552773517e-11 	 4.431749658147476e-09
0.0012163963963963964 	 2.1109657192192928e-11 	 4.3595760302390385e-09
0.0012213813813813815 	 2.111022684778815e-11 	 4.28886629945535e-09
0.0012263663663663665 	 2.110984304714625e-11 	 4.219587018719989e-09
0.0012313513513513515 	 2.1109462078197485e-11 	 4.151701212278818e-09
0.0012363363363363364 	 2.1109083906690262e-11 	 4.085175378281685e-09
0.0012413213213213214 	 2.1108708498923153e-11 	 4.0199769508632265e-09
0.0012463063063063065 	 2.1108335821733965e-11 	 3.956074270375324e-09
0.0012512912912912915 	 2.1107965842488905e-11 	 3.893436554680442e-09
0.0012562762762762763 	 2.1107598529072224e-11 	 3.832033871463954e-09
0.0012612612612612614 	 2.1107233849875855e-11 	 3.771837111525437e-09
0.0012662462462462464 	 2.110687177378951e-11 	 3.71281796301065e-09
0.0012712312312312313 	 2.1106512270190833e-11 	 3.6549488865474915e-09
0.0012762162162162163 	 2.110615530893595e-11 	 3.5982030912508515e-09
0.0012812012012012014 	 2.1105800860350133e-11 	 3.5425545115627687e-09
0.0012861861861861864 	 2.1105448895218714e-11 	 3.4879777848956666e-09
0.0012911711711711712 	 2.1105099384778184e-11 	 3.4344482300478764e-09
0.0012961561561561563 	 2.1104752300707508e-11 	 3.3819418263619167e-09
0.0013011411411411413 	 2.11044076151197e-11 	 3.3304351935972205e-09
0.0013061261261261262 	 2.1104065300553495e-11 	 3.279905572490232e-09
0.0013111111111111112 	 2.110372532996529e-11 	 3.230330805975833e-09
0.0013160960960960962 	 2.110338767672117e-11 	 3.181689321045261e-09
0.0013210810810810813 	 2.110305231458929e-11 	 3.1339601112166124e-09
0.0013260660660660661 	 2.1102719217732193e-11 	 3.0871227195949856e-09
0.0013310510510510512 	 2.1102388360699508e-11 	 3.0411572225003957e-09
0.0013360360360360362 	 2.1102059718420695e-11 	 2.99604421364233e-09
0.001341021021021021 	 2.1101733266197997e-11 	 2.9517647888207678e-09
0.001346006006006006 	 2.110209020891942e-11 	 2.9083019811389844e-09
0.0013509909909909911 	 2.1102820853258925e-11 	 2.8656371469154563e-09
0.0013559759759759762 	 2.1103545844707964e-11 	 2.8237519866051754e-09
0.001360960960960961 	 2.110426524538467e-11 	 2.7826294630129467e-09
0.001365945945945946 	 2.1104979116500455e-11 	 2.7422529717327766e-09
0.001370930930930931 	 2.1105687518376364e-11 	 2.7026063286283174e-09
0.0013759159159159162 	 2.1106390510459294e-11 	 2.6636737577193038e-09
0.001380900900900901 	 2.1107088151337725e-11 	 2.625439879459353e-09
0.001385885885885886 	 2.1107780498757174e-11 	 2.58788969939118e-09
0.001390870870870871 	 2.1108467609635326e-11 	 2.551008597165779e-09
0.001395855855855856 	 2.1109149540076748e-11 	 2.514782315912562e-09
0.001400840840840841 	 2.1109826345387447e-11 	 2.479196951948148e-09
0.001405825825825826 	 2.1110498080088934e-11 	 2.444238944811776e-09
0.001410810810810811 	 2.111116479793216e-11 	 2.4098950676158817e-09
0.0014157957957957959 	 2.1111826551911057e-11 	 2.3761524177008436e-09
0.001420780780780781 	 2.1112483394275808e-11 	 2.3429984075832e-09
0.001425765765765766 	 2.1113135376545816e-11 	 2.3104207561872194e-09
0.0014307507507507508 	 2.111378254952255e-11 	 2.2784074803499468e-09
0.0014357357357357358 	 2.1114424963301858e-11 	 2.2469468865902937e-09
0.0014407207207207209 	 2.1115062667286293e-11 	 2.2160275631331022e-09
0.001445705705705706 	 2.111569571019703e-11 	 2.1856383721794045e-09
0.0014506906906906908 	 2.111632414008552e-11 	 2.1557684424145063e-09
0.0014556756756756758 	 2.111694800434502e-11 	 2.1264071617457312e-09
0.0014606606606606609 	 2.1117567349721854e-11 	 2.097544170262107e-09
0.0014656456456456457 	 2.111817163004666e-11 	 2.06916958485468e-09
0.0014706306306306307 	 2.1118719870458632e-11 	 2.041274409640801e-09
0.0014756156156156158 	 2.1119264127986492e-11 	 2.0138478536095604e-09
0.0014806006006006008 	 2.111980444286109e-11 	 1.986880500262197e-09
0.0014855855855855857 	 2.1120340854773296e-11 	 1.9603631531309297e-09
0.0014905705705705707 	 2.1120873402883026e-11 	 1.9342868299224168e-09
0.0014955555555555557 	 2.1121402125828087e-11 	 1.908642756836011e-09
0.0015005405405405406 	 2.1121927061732856e-11 	 1.8834223630510113e-09
0.0015055255255255256 	 2.112244824821674e-11 	 1.8586172753773785e-09
0.0015105105105105107 	 2.112296572240258e-11 	 1.8342193130645306e-09
0.0015154954954954957 	 2.1123479520924748e-11 	 1.810220482763025e-09
0.0015204804804804805 	 2.1123989679937196e-11 	 1.7866129736341834e-09
0.0015254654654654656 	 2.1124496235121286e-11 	 1.7633891526028013e-09
0.0015304504504504506 	 2.1124999221693504e-11 	 1.740541559748353e-09
0.0015354354354354355 	 2.112549867441299e-11 	 1.7180629038301672e-09
0.0015404204204204205 	 2.112599462758897e-11 	 1.6959460579423048e-09
0.0015454054054054056 	 2.1126487115087936e-11 	 1.6741840552939416e-09
0.0015503903903903906 	 2.1126976170340875e-11 	 1.6527700851112688e-09
0.0015553753753753754 	 2.1127461826350117e-11 	 1.6316974886570103e-09
0.0015603603603603605 	 2.112794411569634e-11 	 1.6109597553638296e-09
0.0015653453453453455 	 2.1128423070545136e-11 	 1.5905505190780248e-09
0.0015703303303303306 	 2.1128898722653653e-11 	 1.5704635544100134e-09
0.0015753153153153154 	 2.1129371103377124e-11 	 1.5506927731882453e-09
0.0015803003003003004 	 2.1129840243675082e-11 	 1.5312322210133118e-09
0.0015852852852852855 	 2.113030617411769e-11 	 1.5120760739090964e-09
0.0015902702702702703 	 2.1130766658061887e-11 	 1.4932193590637858e-09
0.0015952552552552554 	 2.1131222905983825e-11 	 1.474656104226238e-09
0.0016002402402402404 	 2.1131676033351567e-11 	 1.4563805068909371e-09
0.0016052252252252255 	 2.1132126069238984e-11 	 1.4383872337289026e-09
0.0016102102102102103 	 2.1132573042359904e-11 	 1.4206710664286304e-09
0.0016151951951951953 	 2.1133016981073687e-11 	 1.4032268988698545e-09
0.0016201801801801804 	 2.1133457913390673e-11 	 1.3860497343752168e-09
0.0016251651651651652 	 2.1133895866977466e-11 	 1.3691346830374357e-09
0.0016301501501501503 	 2.1134330869162353e-11 	 1.3524769591197024e-09
0.0016351351351351353 	 2.1134762946940295e-11 	 1.3360718785270567e-09
0.0016401201201201204 	 2.1135192126978093e-11 	 1.3199148563466154e-09
0.0016451051051051052 	 2.1135618435619294e-11 	 1.3040014044545718e-09
0.0016500900900900902 	 2.1136041898889113e-11 	 1.2883271291879447e-09
0.0016550750750750753 	 2.1136462542499242e-11 	 1.2728877290791626e-09
0.00166006006006006 	 2.1136880391852516e-11 	 1.25767899265158e-09
0.0016650450450450451 	 2.1137295472047567e-11 	 1.2426967962741122e-09
0.0016700300300300302 	 2.113770780788334e-11 	 1.22793710207326e-09
0.0016750150150150152 	 2.113811742386356e-11 	 1.2133959559007828e-09
0.00168 	 2.1138524344201135e-11 	 1.1990694853554068e-09
0.0016849849849849851 	 2.1138928592822437e-11 	 1.1849538978569656e-09
0.0016899699699699702 	 2.1139330193371545e-11 	 1.1710454787714349e-09
0.0016949549549549552 	 2.113972916921432e-11 	 1.1573405895853683e-09
0.00169993993993994 	 2.1140125543442626e-11 	 1.1438356661283005e-09
0.001704924924924925 	 2.11405193388782e-11 	 1.1305272168417124e-09
0.0017099099099099101 	 2.1141062769725326e-11 	 1.1174119690604838e-09
0.001714894894894895 	 2.1142282384127276e-11 	 1.1044870750542871e-09
0.00171987987987988 	 2.1143494646382274e-11 	 1.0917485811080012e-09
0.001724864864864865 	 2.1144699620236666e-11 	 1.0791932700840217e-09
0.00172984984984985 	 2.1145897368701963e-11 	 1.0668179894450298e-09
0.001734834834834835 	 2.1147087954065486e-11 	 1.0546196497756656e-09
0.00173981981981982 	 2.114827143790062e-11 	 1.042595223342136e-09
0.001744804804804805 	 2.1149447881077116e-11 	 1.0307417426887109e-09
0.0017497897897897898 	 2.1150617343771077e-11 	 1.0190562992700398e-09
0.001754774774774775 	 2.1151779885474814e-11 	 1.0075360421182794e-09
0.00175975975975976 	 2.1152935565006493e-11 	 9.961781765440571e-10
0.001764744744744745 	 2.1154084440519744e-11 	 9.849799628703164e-10
0.0017697297297297298 	 2.1155226569512923e-11 	 9.739387151981147e-10
0.0017747147147147149 	 2.1156362008838365e-11 	 9.630518002034914e-10
0.0017796996996997 	 2.1157490814711453e-11 	 9.52316635964531e-10
0.0017846846846846847 	 2.115861304271945e-11 	 9.41730690817785e-10
0.0017896696696696698 	 2.115972874783032e-11 	 9.312914822432382e-10
0.0017946546546546548 	 2.1160837984401245e-11 	 9.209965757770284e-10
0.0017996396396396399 	 2.1161940806187185e-11 	 9.108435839511592e-10
0.0018046246246246247 	 2.11630372663491e-11 	 9.008301652594516e-10
0.0018096096096096098 	 2.116412741746219e-11 	 8.909540231490306e-10
0.0018145945945945948 	 2.1165211311523942e-11 	 8.812129050366363e-10
0.0018195795795795796 	 2.1166288999961995e-11 	 8.716046013490858e-10
0.0018245645645645647 	 2.1167360533641967e-11 	 8.621269445872297e-10
0.0018295495495495497 	 2.116842596287512e-11 	 8.52777808412767e-10
0.0018345345345345348 	 2.116892991659769e-11 	 8.435554999216753e-10
0.0018395195195195196 	 2.1169203556065722e-11 	 8.344577303961928e-10
0.0018445045045045046 	 2.1169475440176276e-11 	 8.254823288568354e-10
0.0018494894894894897 	 2.1169745583124855e-11 	 8.166273251494248e-10
0.0018544744744744745 	 2.1170013998954325e-11 	 8.07890786031457e-10
0.0018594594594594596 	 2.1170280701556958e-11 	 7.992708143838083e-10
0.0018644444444444446 	 2.117054570467645e-11 	 7.907655484413348e-10
0.0018694294294294297 	 2.117080902190993e-11 	 7.82373161041854e-10
0.0018744144144144145 	 2.117107066670985e-11 	 7.740918588930307e-10
0.0018793993993993995 	 2.1171330652385945e-11 	 7.659198818566872e-10
0.0018843843843843846 	 2.1171588992107097e-11 	 7.57855502250092e-10
0.0018893693693693696 	 2.1171845698903245e-11 	 7.498970241637591e-10
0.0018943543543543545 	 2.1172100785667135e-11 	 7.420427827953499e-10
0.0018993393393393395 	 2.117235426515619e-11 	 7.342911437992316e-10
0.0019043243243243245 	 2.117260614999423e-11 	 7.266405026513102e-10
0.0019093093093093094 	 2.117285645267324e-11 	 7.190892840287206e-10
0.0019142942942942944 	 2.11731051855551e-11 	 7.116359412039908e-10
0.0019192792792792795 	 2.1173352360873248e-11 	 7.042789554533238e-10
0.0019242642642642645 	 2.117359799073434e-11 	 6.970168354786048e-10
0.0019292492492492493 	 2.117384208711994e-11 	 6.898481168428073e-10
0.0019342342342342344 	 2.1174084661888056e-11 	 6.827713614184322e-10
0.0019392192192192194 	 2.1174325726774792e-11 	 6.757851568486654e-10
0.0019442042042042043 	 2.1174565293395876e-11 	 6.688881160209139e-10
0.0019491891891891893 	 2.11748033732482e-11 	 6.620788765524092e-10
0.001954174174174174 	 2.11751873201199e-11 	 6.553562087590303e-10
0.001959159159159159 	 2.1176104113206024e-11 	 6.487190784678308e-10
0.0019641441441441442 	 2.1177015971401033e-11 	 6.421657957375395e-10
0.0019691291291291293 	 2.1177922932185815e-11 	 6.356950923818645e-10
0.0019741141141141143 	 2.1178825032662715e-11 	 6.293057225391421e-10
0.0019790990990990994 	 2.117972230956022e-11 	 6.229964622242931e-10
0.0019840840840840844 	 2.1180614799237696e-11 	 6.167661088908715e-10
0.001989069069069069 	 2.1181502537690064e-11 	 6.106134810029508e-10
0.001994054054054054 	 2.1182385560552266e-11 	 6.045374176165994e-10
0.001999039039039039 	 2.1183263903103803e-11 	 5.985367779707264e-10
0.002004024024024024 	 2.118413760027314e-11 	 5.92610441087035e-10
0.0020090090090090092 	 2.1185006686642102e-11 	 5.867573053788856e-10
0.0020139939939939943 	 2.1185871196450078e-11 	 5.809762882688326e-10
0.0020189789789789793 	 2.1186731163598334e-11 	 5.752663258146305e-10
0.002023963963963964 	 2.118758662165414e-11 	 5.696263723434969e-10
0.002028948948948949 	 2.1188437603854852e-11 	 5.640554000944261e-10
0.002033933933933934 	 2.118928414311203e-11 	 5.585523988683757e-10
0.002038918918918919 	 2.11901262720153e-11 	 5.531163756861028e-10
0.002043903903903904 	 2.119096402283643e-11 	 5.477463544534981e-10
0.002048888888888889 	 2.1191797427533056e-11 	 5.424413756342093e-10
0.002053873873873874 	 2.1192626517752554e-11 	 5.372004959293935e-10
0.002058858858858859 	 2.119345132483585e-11 	 5.320227879644209e-10
0.002063843843843844 	 2.1194271879821023e-11 	 5.269073399823591e-10
0.002068828828828829 	 2.1195088213447007e-11 	 5.218532555440866e-10
0.002073813813813814 	 2.119590035615717e-11 	 5.168596532348617e-10
0.002078798798798799 	 2.1196239451335445e-11 	 5.119259312455884e-10
0.002083783783783784 	 2.119639647413881e-11 	 5.070510684883138e-10
0.002088768768768769 	 2.1196552470237827e-11 	 5.022341240420308e-10
0.002093753753753754 	 2.119670744696784e-11 	 4.974742739016634e-10
0.0020987387387387388 	 2.1196861411594493e-11 	 4.92770707708741e-10
0.002103723723723724 	 2.1197014371314595e-11 	 4.881226284936949e-10
0.002108708708708709 	 2.119716633325687e-11 	 4.835292524236109e-10
0.002113693693693694 	 2.1197317304482832e-11 	 4.789898085553259e-10
0.002118678678678679 	 2.1197467291987467e-11 	 4.745035385937187e-10
0.002123663663663664 	 2.1197616302700165e-11 	 4.700696966551071e-10
0.002128648648648649 	 2.119776434348536e-11 	 4.656875490355955e-10
0.0021336336336336336 	 2.1197911421143323e-11 	 4.613563739842844e-10
0.0021386186186186187 	 2.1198057542410928e-11 	 4.570754614812204e-10
0.0021436036036036037 	 2.1198202713962422e-11 	 4.528441130199735e-10
0.0021485885885885888 	 2.1198346942410077e-11 	 4.4866164139473854e-10
0.002153573573573574 	 2.119849023430492e-11 	 4.4452737049185357e-10
0.002158558558558559 	 2.1198632596137513e-11 	 4.404406350856416e-10
0.002163543543543544 	 2.1198774034338573e-11 	 4.364007806384625e-10
0.0021685285285285285 	 2.1198914555279678e-11 	 4.3240716310489163e-10
0.0021735135135135136 	 2.1199054165273965e-11 	 4.2845914873992457e-10
0.0021784984984984986 	 2.1199192870576783e-11 	 4.245561139111164e-10
0.0021834834834834837 	 2.1199330677386355e-11 	 4.206974449145669e-10
0.0021884684684684687 	 2.1199467591844437e-11 	 4.1688253779466877e-10
0.0021934534534534538 	 2.1199603620036934e-11 	 4.1311079816752056e-10
0.002198438438438439 	 2.119988671183332e-11 	 4.0938170426350013e-10
0.0022034234234234234 	 2.120066698936859e-11 	 4.05694827638691e-10
0.0022084084084084085 	 2.12014434640673e-11 	 4.020493861455056e-10
0.0022133933933933935 	 2.1202216161625694e-11 	 3.9844482207460293e-10
0.0022183783783783786 	 2.1202985107509032e-11 	 3.9488058645622423e-10
0.0022233633633633636 	 2.1203750326954202e-11 	 3.9135613890400787e-10
0.0022283483483483487 	 2.120451184497227e-11 	 3.8787094746193977e-10
0.0022333333333333337 	 2.1205269686350974e-11 	 3.844244884543649e-10
0.0022383183183183183 	 2.1206023875657263e-11 	 3.8101624633899527e-10
0.0022433033033033034 	 2.120677443723969e-11 	 3.776457135628459e-10
0.0022482882882882884 	 2.1207521395230865e-11 	 3.7431239042103935e-10
0.0022532732732732734 	 2.1208264773549873e-11 	 3.7101578491840847e-10
0.0022582582582582585 	 2.1209004595904552e-11 	 3.6775541263383644e-10
0.0022632432432432435 	 2.1209740885793886e-11 	 3.645307965872824e-10
0.0022682282282282286 	 2.121047366651031e-11 	 3.613414671094234e-10
0.002273213213213213 	 2.12112029611419e-11 	 3.581869617138627e-10
0.0022781981981981982 	 2.1211928792574657e-11 	 3.5506682497184294e-10
0.0022831831831831833 	 2.1212651183494744e-11 	 3.519806083894168e-10
0.0022881681681681683 	 2.12133701563906e-11 	 3.489278702870121e-10
0.0022931531531531534 	 2.1214085733555124e-11 	 3.459081756813511e-10
0.0022981381381381384 	 2.1214797937087797e-11 	 3.4292109616966095e-10
0.0023031231231231235 	 2.1215506788896754e-11 	 3.39966209816136e-10
0.002308108108108108 	 2.1216212310700867e-11 	 3.3704310104059793e-10
0.002313093093093093 	 2.1216914524031795e-11 	 3.34151360509307e-10
0.002318078078078078 	 2.1217613450235975e-11 	 3.3129058502788123e-10
0.0023230630630630632 	 2.121871421375802e-11 	 3.2846056515310245e-10
0.0023280480480480483 	 2.121994124231452e-11 	 3.2566077917080613e-10
0.0023330330330330333 	 2.1221162743388103e-11 	 3.2289078027034906e-10
0.0023380180180180184 	 2.122237875233715e-11 	 3.2015018885119145e-10
0.002343003003003003 	 2.1223589304219105e-11 	 3.174386309456601e-10
0.002347987987987988 	 2.122479443379372e-11 	 3.1475573812361073e-10
0.002352972972972973 	 2.1225994175526167e-11 	 3.1210114739890657e-10
0.002357957957957958 	 2.1227188563590178e-11 	 3.0947450113766777e-10
0.002362942942942943 	 2.1228377631871096e-11 	 3.0687544696825683e-10
0.002367927927927928 	 2.1229561413968915e-11 	 3.043036376929629e-10
0.0023729129129129133 	 2.1230739943201283e-11 	 3.0175873120135316e-10
0.002377897897897898 	 2.1231913252606503e-11 	 2.992403903852518e-10
0.002382882882882883 	 2.1233081374946343e-11 	 2.9674828305531135e-10
0.002387867867867868 	 2.1234244342709052e-11 	 2.9428208185915186e-10
0.002392852852852853 	 2.1235402188112113e-11 	 2.918414642010259e-10
0.002397837837837838 	 2.123655494310513e-11 	 2.894261121629824e-10
0.002402822822822823 	 2.1237702639372544e-11 	 2.870357124274975e-10
0.002407807807807808 	 2.1238845308336412e-11 	 2.846699562015417e-10
0.0024127927927927928 	 2.123998298115912e-11 	 2.823285391420567e-10
0.002417777777777778 	 2.124111568874603e-11 	 2.8001116128280606e-10
0.002422762762762763 	 2.124224346174817e-11 	 2.7771752696258055e-10
0.002427747747747748 	 2.1243366330564806e-11 	 2.7544734475472174e-10
0.002432732732732733 	 2.1244484325346048e-11 	 2.7320032739794417e-10
0.002437717717717718 	 2.1245597475995357e-11 	 2.7097619172842456e-10
0.002442702702702703 	 2.1246561329191423e-11 	 2.6877470533037595e-10
0.002447687687687688 	 2.1247113409017088e-11 	 2.6659567654213355e-10
0.0024526726726726727 	 2.1247662965135264e-11 	 2.644387010054427e-10
0.0024576576576576577 	 2.124821001290513e-11 	 2.623035113352095e-10
0.002462642642642643 	 2.124875456756154e-11 	 2.601898439216999e-10
0.002467627627627628 	 2.124929664421624e-11 	 2.580974388697336e-10
0.002472612612612613 	 2.1249836257859087e-11 	 2.5602603993897525e-10
0.002477597597597598 	 2.125037342335929e-11 	 2.539753944853079e-10
0.002482582582582583 	 2.1250908155466675e-11 	 2.519452534032576e-10
0.0024875675675675676 	 2.125144046881281e-11 	 2.4993537106945666e-10
0.0024925525525525526 	 2.125197037791219e-11 	 2.4794550528711774e-10
0.0024975375375375377 	 2.1252497897163493e-11 	 2.459754172315064e-10
0.0025025225225225227 	 2.1253023040850594e-11 	 2.4402487139638363e-10
0.0025075075075075078 	 2.125354582314382e-11 	 2.420936355414065e-10
0.002512492492492493 	 2.125406625810104e-11 	 2.401814806404643e-10
0.002517477477477478 	 2.1254584359668762e-11 	 2.3828818083093066e-10
0.0025224624624624625 	 2.1255100141683264e-11 	 2.3641351336381856e-10
0.0025274474474474475 	 2.1255613617871648e-11 	 2.345572585548133e-10
0.0025324324324324326 	 2.1256124801852948e-11 	 2.3271919973617413e-10
0.0025374174174174176 	 2.1256633707139142e-11 	 2.3089912320948123e-10
0.0025424024024024027 	 2.1257140347136292e-11 	 2.2909681819921412e-10
0.0025473873873873877 	 2.125764473514546e-11 	 2.2731207680714438e-10
0.0025523723723723728 	 2.125814688436384e-11 	 2.2554469396753015e-10
0.0025573573573573574 	 2.125864680788569e-11 	 2.2379446740309084e-10
0.0025623423423423424 	 2.1259144518703416e-11 	 2.220611975817518e-10
0.0025673273273273275 	 2.1260065437788297e-11 	 2.2034481961551836e-10
0.0025723123123123125 	 2.126111092947895e-11 	 2.1864504495708366e-10
0.0025772972972972976 	 2.1262152092750206e-11 	 2.1696164187661712e-10
0.0025822822822822826 	 2.1263188952672036e-11 	 2.1529442144298143e-10
0.0025872672672672676 	 2.126422153412123e-11 	 2.1364319726440275e-10
0.0025922522522522523 	 2.1265249861783182e-11 	 2.1200778544953247e-10
0.0025972372372372373 	 2.126627396015382e-11 	 2.1038800456918166e-10
0.0026022222222222223 	 2.126729385354132e-11 	 2.087836756187106e-10
0.0026072072072072074 	 2.126830956606799e-11 	 2.0719462198106612e-10
0.0026121921921921924 	 2.1269321121671955e-11 	 2.0562066939044978e-10
0.0026171771771771775 	 2.127032854410901e-11 	 2.040616458966072e-10
0.0026221621621621625 	 2.127133185695426e-11 	 2.0251738182972716e-10
0.002627147147147147 	 2.1272331083603894e-11 	 2.0098770976593886e-10
0.002632132132132132 	 2.1273326247276867e-11 	 1.9947246449339164e-10
0.0026371171171171172 	 2.1274317371016547e-11 	 1.9797148297891597e-10
0.0026421021021021023 	 2.1275304477692432e-11 	 1.9648460433524397e-10
0.0026470870870870873 	 2.1276287590001715e-11 	 1.950116697887846e-10
0.0026520720720720724 	 2.1277266730470925e-11 	 1.9355252264794426e-10
0.0026570570570570574 	 2.12782419214576e-11 	 1.9210700827197903e-10
0.002662042042042042 	 2.1279213185151757e-11 	 1.9067497404037002e-10
0.002667027027027027 	 2.1280180543577526e-11 	 1.8925626932271318e-10
0.002672012012012012 	 2.1281144018594675e-11 	 1.8785074544911284e-10
0.002676996996996997 	 2.1282103631900158e-11 	 1.8645825568106896e-10
0.0026819819819819822 	 2.1283059405029625e-11 	 1.850786551828519e-10
0.0026869669669669673 	 2.1284000620118973e-11 	 1.8371183903281308e-10
0.0026919519519519523 	 2.1284912362723967e-11 	 1.8235771806728242e-10
0.002696936936936937 	 2.128582045111671e-11 	 1.8101606111411743e-10
0.002701921921921922 	 2.128672490552565e-11 	 1.796867306978419e-10
0.002706906906906907 	 2.1287625746030217e-11 	 1.7836959110920827e-10
0.002711891891891892 	 2.1288522992562194e-11 	 1.7706450837930765e-10
0.002716876876876877 	 2.128941666490712e-11 	 1.7577135025410704e-10
0.002721861861861862 	 2.129030678270552e-11 	 1.7448998616940226e-10
0.002726846846846847 	 2.129119336545433e-11 	 1.7322028722618563e-10
0.0027318318318318323 	 2.1292076432508222e-11 	 1.7196212616641346e-10
0.002736816816816817 	 2.129295600308077e-11 	 1.7071537734917113e-10
0.002741801801801802 	 2.1293832096245886e-11 	 1.6947991672722692e-10
0.002746786786786787 	 2.1294704730938985e-11 	 1.6825562182396766e-10
0.002751771771771772 	 2.129557392595825e-11 	 1.670423717107087e-10
0.002756756756756757 	 2.129643969996594e-11 	 1.6584004698437257e-10
0.002761741741741742 	 2.1297302071489563e-11 	 1.6464852974552904e-10
0.002766726726726727 	 2.1298161058923056e-11 	 1.6346770357678984e-10
0.0027717117117117118 	 2.12990166805281e-11 	 1.622974535215527e-10
0.002776696696696697 	 2.129986895443516e-11 	 1.611376660630865e-10
0.002781681681681682 	 2.130071789864478e-11 	 1.5998822910395493e-10
0.002786666666666667 	 2.13015635310287e-11 	 1.5884903194576785e-10
0.002791651651651652 	 2.1302405869330986e-11 	 1.5771996526925913e-10
0.002796636636636637 	 2.130324493116922e-11 	 1.5660092111468173e-10
0.002801621621621622 	 2.130408073403558e-11 	 1.5549179286251665e-10
0.0028066066066066066 	 2.130491329529795e-11 	 1.5439247521448903e-10
0.0028115915915915917 	 2.130573992672e-11 	 1.5330295205679239e-10
0.0028165765765765767 	 2.1306562677370224e-11 	 1.5222305327327304e-10
0.0028215615615615618 	 2.1307382237544723e-11 	 1.51152655411999e-10
0.002826546546546547 	 2.130819862412668e-11 	 1.5009165829596802e-10
0.002831531531531532 	 2.1309011853880416e-11 	 1.4903996297864516e-10
0.002836516516516517 	 2.1309821943452385e-11 	 1.4799747172671544e-10
0.0028415015015015015 	 2.131062890937225e-11 	 1.4696408800311096e-10
0.0028464864864864866 	 2.1311432768053867e-11 	 1.4593971645030346e-10
0.0028514714714714716 	 2.131223353579632e-11 	 1.449242628738592e-10
0.0028564564564564567 	 2.1313031228784903e-11 	 1.43917634226251e-10
0.0028614414414414417 	 2.131382586309214e-11 	 1.4291973859092428e-10
0.0028664264264264268 	 2.1314617454678718e-11 	 1.4193048516661055e-10
0.002871411411411412 	 2.1315406019394534e-11 	 1.4094978425188587e-10
0.0028763963963963964 	 2.1316191572979556e-11 	 1.3997754722997002e-10
0.0028813813813813815 	 2.1316974131064896e-11 	 1.3901368655376037e-10
0.0028863663663663665 	 2.131775370917361e-11 	 1.3805811573109874e-10
0.0028913513513513516 	 2.131853032272173e-11 	 1.371107493102654e-10
0.0028963363363363366 	 2.1319303987019157e-11 	 1.3617150286569813e-10
0.0029013213213213217 	 2.1320074717270596e-11 	 1.3524029298393033e-10
0.0029063063063063067 	 2.132084252857638e-11 	 1.343170372497462e-10
0.0029112912912912913 	 2.1321607435933467e-11 	 1.3340165423254853e-10
0.0029162762762762764 	 2.1322369454236224e-11 	 1.3249406347293534e-10
0.0029212612612612614 	 2.132312859827742e-11 	 1.315941854694832e-10
0.0029262462462462465 	 2.132388488274894e-11 	 1.3070194166573018e-10
0.0029312312312312315 	 2.1324787394520828e-11 	 1.298172835490476e-10
0.0029362162162162165 	 2.1326022227059918e-11 	 1.289401701273305e-10
0.0029412012012012016 	 2.1327252586450823e-11 	 1.2807045950852196e-10
0.002946186186186186 	 2.1328478495402304e-11 	 1.2720807680584506e-10
0.0029511711711711713 	 2.132969997646971e-11 	 1.2635294801510422e-10
0.0029561561561561563 	 2.133091705205625e-11 	 1.2550500000281494e-10
0.0029611411411411413 	 2.133212974441429e-11 	 1.2466416049451414e-10
0.0029661261261261264 	 2.1333338075646546e-11 	 1.2383035806324482e-10
0.0029711111111111114 	 2.133454206770747e-11 	 1.2300352211821612e-10
0.0029760960960960965 	 2.133574174240436e-11 	 1.2218358289363263e-10
0.002981081081081081 	 2.1336937121398665e-11 	 1.2137047143769152e-10
0.002986066066066066 	 2.1338128226207217e-11 	 1.2056411960174495e-10
0.002991051051051051 	 2.133931507820334e-11 	 1.1976446002962348e-10
0.0029960360360360362 	 2.134049769861818e-11 	 1.1897142614712093e-10
0.0030010210210210213 	 2.134167610854178e-11 	 1.1818495215163362e-10
0.0030060060060060063 	 2.1342850328924297e-11 	 1.17404973001955e-10
0.0030109909909909914 	 2.1344020380577113e-11 	 1.1663142440822204e-10
0.003015975975975976 	 2.1345186284174063e-11 	 1.1586424282201062e-10
0.003020960960960961 	 2.1346348060252493e-11 	 1.1510336542657702e-10
0.003025945945945946 	 2.134750572921445e-11 	 1.1434873012724415e-10
0.003030930930930931 	 2.134865931132771e-11 	 1.1360027554192991e-10
0.003035915915915916 	 2.134980882672696e-11 	 1.1285794099181467e-10
0.003040900900900901 	 2.1350954295414877e-11 	 1.1212166649214596e-10
0.0030458858858858863 	 2.1352095737263143e-11 	 1.1139139274317889e-10
0.003050870870870871 	 2.135323317201359e-11 	 1.1066706112124837e-10
0.003055855855855856 	 2.1353973041053832e-11 	 1.0994867795230977e-10
0.003060840840840841 	 2.1354631822930646e-11 	 1.0923613356338996e-10
0.003065825825825826 	 2.135528817947486e-11 	 1.0852935841016489e-10
0.003070810810810811 	 2.1355942122500887e-11 	 1.0782829649861835e-10
0.003075795795795796 	 2.1356593663746592e-11 	 1.0713289246794106e-10
0.003080780780780781 	 2.1357242814873857e-11 	 1.0644309158235935e-10
0.003085765765765766 	 2.13578895874692e-11 	 1.0575883972308116e-10
0.003090750750750751 	 2.135853399304436e-11 	 1.0508008338035945e-10
0.003095735735735736 	 2.135917604303699e-11 	 1.0440676964566965e-10
0.003100720720720721 	 2.1359815748811167e-11 	 1.0373884620400073e-10
0.003105705705705706 	 2.1360453121657948e-11 	 1.0307626132625653e-10
0.003110690690690691 	 2.1361088172796103e-11 	 1.0241896386176679e-10
0.003115675675675676 	 2.1361720913372537e-11 	 1.017669032309057e-10
0.003120660660660661 	 2.1362351354462965e-11 	 1.0112002941781621e-10
0.0031256456456456457 	 2.136297950707244e-11 	 1.004782929632386e-10
0.0031306306306306307 	 2.136360538213591e-11 	 9.9841644957441e-11
0.003135615615615616 	 2.1364228990518784e-11 	 9.921003703325143e-11
0.003140600600600601 	 2.13648503430175e-11 	 9.858342135918904e-11
0.003145585585585586 	 2.1365469450360037e-11 	 9.796175063269257e-11
0.003150570570570571 	 2.13660863232065e-11 	 9.734497807344519e-11
0.003155555555555556 	 2.136670097214961e-11 	 9.673305741679421e-11
0.0031605405405405406 	 2.1367313407715288e-11 	 9.612594290726373e-11
0.0031655255255255256 	 2.1367923640363115e-11 	 9.552358929215873e-11
0.0031705105105105107 	 2.1368531680486918e-11 	 9.492595181526008e-11
0.0031754954954954957 	 2.136942381967049e-11 	 9.433301080990713e-11
0.0031804804804804808 	 2.1370867430661527e-11 	 9.374474501551686e-11
0.003185465465465466 	 2.137230623252911e-11 	 9.316106311253517e-11
0.003190450450450451 	 2.1373740247818775e-11 	 9.258192227980801e-11
0.0031954354354354355 	 2.1375169498935365e-11 	 9.200728016230526e-11
0.0032004204204204205 	 2.137659400814418e-11 	 9.143709486532912e-11
0.0032054054054054056 	 2.1378013797571946e-11 	 9.087132494880402e-11
0.0032103903903903906 	 2.1379428889208002e-11 	 9.03099294216466e-11
0.0032153753753753757 	 2.1380839304905315e-11 	 8.975286773621267e-11
0.0032203603603603607 	 2.138224506638153e-11 	 8.920009978282253e-11
0.0032253453453453458 	 2.1383646195220046e-11 	 8.86515858843621e-11
0.0032303303303303304 	 2.1385042712871006e-11 	 8.810728679095763e-11
0.0032353153153153154 	 2.1386434640652373e-11 	 8.756716367472563e-11
0.0032403003003003005 	 2.1387821999750928e-11 	 8.703117812459468e-11
0.0032452852852852855 	 2.138920481122326e-11 	 8.649929214119798e-11
0.0032502702702702706 	 2.1390583095996782e-11 	 8.59714681318371e-11
0.0032552552552552556 	 2.1391956874870723e-11 	 8.544766890551485e-11
0.0032602402402402406 	 2.13933261685171e-11 	 8.492785766803557e-11
0.0032652252252252253 	 2.1394690997481684e-11 	 8.441199801717328e-11
0.0032702102102102103 	 2.1396051382184976e-11 	 8.390005393790573e-11
0.0032751951951951954 	 2.139740734292317e-11 	 8.339198979771376e-11
0.0032801801801801804 	 2.1398758899869037e-11 	 8.288777034194384e-11
0.0032851651651651654 	 2.1400106073072936e-11 	 8.238736068923542e-11
0.0032901501501501505 	 2.140144888246373e-11 	 8.189072632700885e-11
0.0032951351351351355 	 2.1402787347849647e-11 	 8.13978331070153e-11
0.00330012012012012 	 2.140377434831794e-11 	 8.090869622465332e-11
0.003305105105105105 	 2.1404695262913316e-11 	 8.042324149919043e-11
0.0033100900900900902 	 2.140561311677392e-11 	 7.994142692540851e-11
0.0033150750750750753 	 2.140652792371054e-11 	 7.946321977681632e-11
0.0033200600600600603 	 2.1407439697451158e-11 	 7.89885876697975e-11
0.0033250450450450454 	 2.140834845164132e-11 	 7.851749855950938e-11
0.0033300300300300304 	 2.1409254199844906e-11 	 7.804992073583861e-11
0.003335015015015015 	 2.1410156955544723e-11 	 7.758582281940982e-11
0.00334 	 2.1411056732143043e-11 	 7.71251737576481e-11
0.003344984984984985 	 2.1411953542962265e-11 	 7.666794282089438e-11
0.00334996996996997 	 2.141284740124548e-11 	 7.621409959857279e-11
0.0033549549549549552 	 2.1413738320157076e-11 	 7.576361399540821e-11
0.0033599399399399403 	 2.1414626312783335e-11 	 7.531645622769538e-11
0.0033649249249249253 	 2.1415511392132962e-11 	 7.487259681961692e-11
0.0033699099099099104 	 2.141639357113769e-11 	 7.443200659961028e-11
0.003374894894894895 	 2.1417272862652858e-11 	 7.399465669678303e-11
0.00337987987987988 	 2.1418149279457968e-11 	 7.356051853737568e-11
0.003384864864864865 	 2.141902283425723e-11 	 7.312956384127084e-11
0.00338984984984985 	 2.1419893539680114e-11 	 7.27017646185489e-11
0.003394834834834835 	 2.142076140828195e-11 	 7.227709316608904e-11
0.00339981981981982 	 2.1421626452544397e-11 	 7.185552206421466e-11
0.0034048048048048053 	 2.1422488684875992e-11 	 7.14370241733829e-11
0.00340978978978979 	 2.142334811761279e-11 	 7.102157263091841e-11
0.003414774774774775 	 2.142420476301872e-11 	 7.060914084778869e-11
0.00341975975975976 	 2.1425205350976435e-11 	 7.01997206387669e-11
0.003424744744744745 	 2.142647124681474e-11 	 6.979330065026682e-11
0.00342972972972973 	 2.142773317182341e-11 	 6.938982167341316e-11
0.003434714714714715 	 2.1428991143295134e-11 	 6.898925818875269e-11
0.0034396996996997 	 2.143024517842235e-11 	 6.859158493490164e-11
0.0034446846846846848 	 2.1431495294298e-11 	 6.819677690556649e-11
0.00344966966966967 	 2.14327415079162e-11 	 6.780480934660348e-11
0.003454654654654655 	 2.1433983836172954e-11 	 6.741565775311655e-11
0.00345963963963964 	 2.143522229586695e-11 	 6.702929786659249e-11
0.003464624624624625 	 2.143645690370012e-11 	 6.6645705672073e-11
0.00346960960960961 	 2.1437687676278475e-11 	 6.626485739536375e-11
0.003474594594594595 	 2.1438914630112718e-11 	 6.588672950027878e-11
0.0034795795795795796 	 2.144013778161887e-11 	 6.551129868592043e-11
0.0034845645645645647 	 2.14413571471191e-11 	 6.51385418839945e-11
0.0034895495495495497 	 2.144257274284224e-11 	 6.476843625615986e-11
0.003494534534534535 	 2.144378458492458e-11 	 6.44009591914114e-11
0.00349951951951952 	 2.144499268941043e-11 	 6.403608830349718e-11
0.003504504504504505 	 2.1446197072252798e-11 	 6.367380142836814e-11
0.00350948948948949 	 2.14473977493141e-11 	 6.331407662166013e-11
0.0035144744744744745 	 2.1448594736366712e-11 	 6.295689215620878e-11
0.0035194594594594596 	 2.1449788049093652e-11 	 6.260222651959482e-11
0.0035244444444444446 	 2.145097770308924e-11 	 6.225005841172196e-11
0.0035294294294294297 	 2.1452163713859676e-11 	 6.190036674242402e-11
0.0035344144144144147 	 2.1453346096823656e-11 	 6.155313062910327e-11
0.0035393993993993998 	 2.1454524867313046e-11 	 6.120832939439868e-11
0.003544384384384385 	 2.1455674253738506e-11 	 6.086598267781599e-11
0.0035493693693693694 	 2.145681659351993e-11 	 6.052603510693511e-11
0.0035543543543543545 	 2.145795543823447e-11 	 6.018846108572849e-11
0.0035593393393393395 	 2.145909080257064e-11 	 5.98532407403389e-11
0.0035643243243243246 	 2.1460222701134745e-11 	 5.952035439085948e-11
0.0035693093093093096 	 2.1461351148451533e-11 	 5.91897825491735e-11
0.0035742942942942947 	 2.146247615896467e-11 	 5.886150591682021e-11
0.0035792792792792797 	 2.1463597747037408e-11 	 5.853550538288819e-11
0.0035842642642642643 	 2.146471592695306e-11 	 5.821176202193451e-11
0.0035892492492492494 	 2.1465830712915606e-11 	 5.7890257091929783e-11
0.0035942342342342344 	 2.1466942119050228e-11 	 5.757097203222937e-11
0.0035992192192192195 	 2.1468050159403827e-11 	 5.72538884615688e-11
0.0036042042042042045 	 2.1469154847945593e-11 	 5.693898817608538e-11
0.0036091891891891895 	 2.1470256198567595e-11 	 5.662625314736312e-11
0.0036141741741741746 	 2.1471354225085203e-11 	 5.6315665520502674e-11
0.003619159159159159 	 2.1472448941237677e-11 	 5.6007207612214555e-11
0.0036241441441441443 	 2.147354036068869e-11 	 5.570086190893638e-11
0.0036291291291291293 	 2.1474628497026868e-11 	 5.539661106497316e-11
0.0036341141141141143 	 2.1475713363766226e-11 	 5.5094437900660284e-11
0.0036390990990990994 	 2.1476794974346768e-11 	 5.479432540054943e-11
0.0036440840840840844 	 2.147787334213494e-11 	 5.449625671161647e-11
0.0036490690690690695 	 2.147894848042415e-11 	 5.420021514149145e-11
0.003654054054054054 	 2.1480020402435296e-11 	 5.390618415671042e-11
0.003659039039039039 	 2.1481089121317167e-11 	 5.36141473809882e-11
0.003664024024024024 	 2.1482153242130508e-11 	 5.332410435257504e-11
0.0036690090090090092 	 2.1483211945631175e-11 	 5.3036048010352035e-11
0.0036739939939939943 	 2.148426748469017e-11 	 5.274993723589994e-11
0.0036789789789789793 	 2.1485319872174582e-11 	 5.2465756269241544e-11
0.0036839639639639644 	 2.1486369120881877e-11 	 5.218348949920638e-11
0.003688948948948949 	 2.1487415243540357e-11 	 5.1903121461826815e-11
0.003693933933933934 	 2.1488458252809576e-11 	 5.1624636838753185e-11
0.003698918918918919 	 2.1489498161280874e-11 	 5.134802045568886e-11
0.003703903903903904 	 2.1490534981477814e-11 	 5.1073257280843105e-11
0.003708888888888889 	 2.149156872585659e-11 	 5.080033242340346e-11
0.0037138738738738742 	 2.149259940680655e-11 	 5.052923113202641e-11
0.0037188588588588593 	 2.149362703665062e-11 	 5.025993879334569e-11
0.0037238438438438443 	 2.1494651627645702e-11 	 4.99924409304992e-11
0.003728828828828829 	 2.149567319198318e-11 	 4.9726723201673265e-11
0.003733813813813814 	 2.149669174178935e-11 	 4.946277139866407e-11
0.003738798798798799 	 2.149770728912578e-11 	 4.920057144545684e-11
0.003743783783783784 	 2.149871984598986e-11 	 4.8940109396821946e-11
0.003748768768768769 	 2.1499729424315115e-11 	 4.8681371436926974e-11
0.003753753753753754 	 2.1500736035971715e-11 	 4.842434387796663e-11
0.003758738738738739 	 2.1501739692766816e-11 	 4.816901315880783e-11
0.003763723723723724 	 2.1502740406445083e-11 	 4.7915365843651595e-11
0.003768708708708709 	 2.150373818868898e-11 	 4.766338862071026e-11
0.003773693693693694 	 2.1504733051119295e-11 	 4.741306830090101e-11
0.003778678678678679 	 2.1505725005295422e-11 	 4.7164391816554415e-11
0.003783663663663664 	 2.1506714062715918e-11 	 4.691734622013848e-11
0.003788648648648649 	 2.1508034843416343e-11 	 4.6671949211091445e-11
0.003793633633633634 	 2.150939214621079e-11 	 4.642816089186749e-11
0.0037986186186186187 	 2.1510745591527754e-11 	 4.618596497144178e-11
0.0038036036036036037 	 2.1512095194537887e-11 	 4.594534897384857e-11
0.003808588588588589 	 2.1513440970332425e-11 	 4.5706300537065036e-11
0.003813573573573574 	 2.1514782933923763e-11 	 4.546880741182327e-11
0.003818558558558559 	 2.1516121100245822e-11 	 4.5232857460435926e-11
0.003823543543543544 	 2.151745548415467e-11 	 4.499843865563589e-11
0.003828528528528529 	 2.1518786100429052e-11 	 4.476553907942933e-11
0.0038335135135135136 	 2.1520112963770737e-11 	 4.453414692196219e-11
0.0038384984984984986 	 2.1521436088805227e-11 	 4.430425048039999e-11
0.0038434834834834837 	 2.1522755490082073e-11 	 4.407583815782035e-11
0.0038484684684684687 	 2.1524071182075495e-11 	 4.3848898462118957e-11
0.0038534534534534538 	 2.1525383179184765e-11 	 4.362342000492772e-11
0.003858438438438439 	 2.152669149573478e-11 	 4.339939150054542e-11
0.003863423423423424 	 2.1527996145976494e-11 	 4.3176801764881506e-11
0.0038684084084084085 	 2.152929714408739e-11 	 4.295563971441114e-11
0.0038733933933933935 	 2.1530594504171963e-11 	 4.273589436514274e-11
0.0038783783783783786 	 2.1531888240262215e-11 	 4.2517554831597804e-11
0.0038833633633633636 	 2.1533178366318102e-11 	 4.230061032580189e-11
0.0038883483483483487 	 2.1534464896227957e-11 	 4.208505015628734e-11
0.0038933333333333337 	 2.1535747843809015e-11 	 4.187086372710777e-11
0.0038983183183183188 	 2.153702722280781e-11 	 4.165804053686371e-11
0.0039033033033033034 	 2.153830304690068e-11 	 4.1446570177739064e-11
0.003908288288288288 	 2.153956403795144e-11 	 4.123645435459883e-11
0.003913273273273273 	 2.1540805880914288e-11 	 4.10276872904516e-11
0.0039182582582582585 	 2.154204426947786e-11 	 4.082024209697561e-11
0.003923243243243243 	 2.154327921681392e-11 	 4.0614108734022e-11
0.003928228228228229 	 2.1544510736027412e-11 	 4.0409277250344256e-11
0.003933213213213213 	 2.1545738840156864e-11 	 4.02057377826994e-11
0.003938198198198199 	 2.1546963542174703e-11 	 4.0003480554959095e-11
0.003943183183183183 	 2.1548184854987863e-11 	 3.980249587723175e-11
0.003948168168168169 	 2.1549402791438012e-11 	 3.960277414499324e-11
0.003953153153153153 	 2.1550617364302103e-11 	 3.9404305838228784e-11
0.003958138138138138 	 2.1551828586292666e-11 	 3.920708152058344e-11
0.0039631231231231235 	 2.1553036470058305e-11 	 3.9011091838522996e-11
0.003968108108108108 	 2.1554241028184058e-11 	 3.881632752050401e-11
0.003973093093093094 	 2.1555442273191797e-11 	 3.862277937615279e-11
0.003978078078078078 	 2.1556640217540627e-11 	 3.8430438295454585e-11
0.003983063063063064 	 2.155783487362729e-11 	 3.8239295247950854e-11
0.003988048048048048 	 2.155902625378656e-11 	 3.804934128194616e-11
0.003993033033033033 	 2.156021437029156e-11 	 3.786056752372386e-11
0.003998018018018018 	 2.1561399235354246e-11 	 3.7672965176770187e-11
0.004003003003003003 	 2.156258086112575e-11 	 3.748652552100789e-11
0.0040079879879879885 	 2.1563759259696717e-11 	 3.730123991203722e-11
0.004012972972972973 	 2.1564934443097735e-11 	 3.711709978038641e-11
0.004017957957957959 	 2.156610642329969e-11 	 3.693409663076999e-11
0.004022942942942943 	 2.1567275212214133e-11 	 3.6752222041355585e-11
0.004027927927927928 	 2.1568440821693637e-11 	 3.6571467663038475e-11
0.004032912912912913 	 2.15699073686722e-11 	 3.63918527018409e-11
0.004037897897897898 	 2.1571394494297973e-11 	 3.621334340436377e-11
0.004042882882882883 	 2.1572877653677647e-11 	 3.6035929410382786e-11
0.004047867867867868 	 2.1574356861468833e-11 	 3.585960265727953e-11
0.0040528528528528535 	 2.1575832132257058e-11 	 3.5684355151630084e-11
0.004057837837837838 	 2.157730348055617e-11 	 3.551017896852705e-11
0.004062822822822823 	 2.157877092080876e-11 	 3.533706625090878e-11
0.004067807807807808 	 2.1580234467386644e-11 	 3.5165009208896225e-11
0.004072792792792793 	 2.1581694134591285e-11 	 3.4994000119137126e-11
0.004077777777777778 	 2.1583149936654183e-11 	 3.4824031324156956e-11
0.004082762762762763 	 2.1584601887737372e-11 	 3.465509523171768e-11
0.004087747747747748 	 2.158605000193376e-11 	 3.448718431418272e-11
0.004092732732732733 	 2.158749429326762e-11 	 3.432029110788972e-11
0.004097717717717718 	 2.1588934775695012e-11 	 3.415440821252939e-11
0.004102702702702703 	 2.1590371463104072e-11 	 3.398952829053146e-11
0.004107687687687688 	 2.1591804369315613e-11 	 3.3825644066457726e-11
0.004112672672672673 	 2.159323350808341e-11 	 3.3662748326400726e-11
0.004117657657657658 	 2.15946588930946e-11 	 3.350083391739e-11
0.004122642642642643 	 2.1596080537970173e-11 	 3.3339893746804055e-11
0.004127627627627628 	 2.1597498456265296e-11 	 3.317992078178901e-11
0.0041326126126126125 	 2.159891266146971e-11 	 3.302090804868353e-11
0.004137597597597598 	 2.1600323167008183e-11 	 3.286284863244988e-11
0.0041425825825825826 	 2.1601729986240822e-11 	 3.27057356761113e-11
0.004147567567567568 	 2.1603133132463554e-11 	 3.254956238019523e-11
0.004152552552552553 	 2.1604540813951576e-11 	 3.239433226957929e-11
0.004157537537537538 	 2.1605955593158662e-11 	 3.2240041738472744e-11
0.004162522522522523 	 2.1607366684398632e-11 	 3.2086670583415384e-11
0.004167507507507508 	 2.160877410090998e-11 	 3.1934212231520766e-11
0.004172492492492493 	 2.1610177855867978e-11 	 3.1782660164692975e-11
0.0041774774774774774 	 2.161157796238494e-11 	 3.163200791910461e-11
0.004182462462462463 	 2.1612974433510733e-11 	 3.148224908468093e-11
0.0041874474474474475 	 2.161436728223305e-11 	 3.133337730458961e-11
0.004192432432432433 	 2.1615756521477814e-11 	 3.118538627473552e-11
0.004197417417417418 	 2.161714216410955e-11 	 3.1038269743261304e-11
0.004202402402402403 	 2.1618524222931734e-11 	 3.089202151005282e-11
0.004207387387387388 	 2.1619902710687187e-11 	 3.074663542625045e-11
0.004212372372372372 	 2.162127764005837e-11 	 3.060210539376496e-11
0.004217357357357358 	 2.1622649023667805e-11 	 3.0458425364798934e-11
0.004222342342342342 	 2.162401687407841e-11 	 3.031558934137321e-11
0.004227327327327328 	 2.1625381203793822e-11 	 3.0173591374858074e-11
0.0042323123123123125 	 2.16267420252588e-11 	 3.003242556550978e-11
0.004237297297297298 	 2.162809935085952e-11 	 2.98920860620116e-11
0.004242282282282283 	 2.1629453192923924e-11 	 2.975256706102009e-11
0.004247267267267267 	 2.1630803563722106e-11 	 2.961386280671577e-11
0.004252252252252253 	 2.1632150475466622e-11 	 2.9475967590358825e-11
0.004257237237237237 	 2.163349394031279e-11 	 2.933887574984931e-11
0.004262222222222223 	 2.1634833970359116e-11 	 2.9202581669291974e-11
0.004267207207207207 	 2.1636170577647533e-11 	 2.906707977856578e-11
0.004272192192192193 	 2.1637503774163756e-11 	 2.8932364552897714e-11
0.0042771771771771775 	 2.163910961428936e-11 	 2.8798451056052958e-11
0.004282162162162162 	 2.1640723406881173e-11 	 2.8665314008067256e-11
0.004287147147147148 	 2.1642333143996236e-11 	 2.8532947121610542e-11
0.004292132132132132 	 2.1643938839769498e-11 	 2.840134505084244e-11
0.004297117117117118 	 2.1645540508270273e-11 	 2.8270502493190293e-11
0.004302102102102102 	 2.164713816350271e-11 	 2.814041418894941e-11
0.004307087087087088 	 2.1648731819406118e-11 	 2.801107492088708e-11
0.004312072072072072 	 2.1650321489855307e-11 	 2.788247951385114e-11
0.004317057057057057 	 2.1651907188661053e-11 	 2.7754622834382215e-11
0.0043220420420420425 	 2.1653488929570374e-11 	 2.7627499790330188e-11
0.004327027027027027 	 2.1655066726266967e-11 	 2.7501105330474678e-11
0.004332012012012013 	 2.1656640592371523e-11 	 2.7375434444149073e-11
0.004336996996996997 	 2.165821054144215e-11 	 2.7250482160869113e-11
0.004341981981981983 	 2.1659776586974626e-11 	 2.7126243549964424e-11
0.004346966966966967 	 2.166133874240289e-11 	 2.7002713720214824e-11
0.004351951951951952 	 2.1662897021099262e-11 	 2.6879887819489408e-11
0.004356936936936937 	 2.1664451436374932e-11 	 2.675776103439007e-11
0.004361921921921922 	 2.1666002001480195e-11 	 2.663632858989838e-11
0.0043669069069069075 	 2.1667548729604834e-11 	 2.6515585749025894e-11
0.004371891891891892 	 2.1669091633878517e-11 	 2.6395527812468666e-11
0.0043768768768768776 	 2.1670630727371077e-11 	 2.6276150118264438e-11
0.004381861861861862 	 2.1672166023092848e-11 	 2.6157448041454056e-11
0.004386846846846847 	 2.167369753399506e-11 	 2.6039416993745966e-11
0.004391831831831832 	 2.1675225272970125e-11 	 2.5922052423184162e-11
0.004396816816816817 	 2.1676747543072525e-11 	 2.5805358979569038e-11
0.004401801801801802 	 2.1678264097432592e-11 	 2.5689333442341017e-11
0.004406786786786787 	 2.1679776917712916e-11 	 2.557396076445549e-11
0.0044117717717717725 	 2.168128601657592e-11 	 2.5459236537538904e-11
0.004416756756756757 	 2.168279140662685e-11 	 2.5345156387929788e-11
0.004421741741741742 	 2.1684293100414136e-11 	 2.5231715976366663e-11
0.004426726726726727 	 2.1685791110429647e-11 	 2.5118910997678965e-11
0.004431711711711712 	 2.1687285449109068e-11 	 2.5006737180481342e-11
0.004436696696696697 	 2.168877612883218e-11 	 2.4895190286870645e-11
0.004441681681681682 	 2.169026316192322e-11 	 2.4784266112126362e-11
0.004446666666666667 	 2.1691746560651126e-11 	 2.467396048441381e-11
0.004451651651651652 	 2.1693226337229893e-11 	 2.456426926449039e-11
0.004456636636636637 	 2.1694702503818865e-11 	 2.445518834541479e-11
0.004461621621621622 	 2.169617507252304e-11 	 2.434671365225915e-11
0.004466606606606607 	 2.1697644055393404e-11 	 2.423884114182406e-11
0.004471591591591592 	 2.1699109464427152e-11 	 2.4131566802356355e-11
0.004476576576576577 	 2.1700571311568095e-11 	 2.402488665326992e-11
0.004481561561561562 	 2.170202960870686e-11 	 2.3918796744868923e-11
0.004486546546546547 	 2.1703484367681247e-11 	 2.3813293158074397e-11
0.0044915315315315315 	 2.1704935600276504e-11 	 2.3708372004152843e-11
0.004496516516516517 	 2.1706383318225627e-11 	 2.3604029424448103e-11
0.0045015015015015016 	 2.170782753320959e-11 	 2.350026159011554e-11
0.004506486486486487 	 2.1709268256857755e-11 	 2.3397064701859114e-11
0.004511471471471472 	 2.1710705500748035e-11 	 2.3294434989670914e-11
0.004516456456456457 	 2.1712139276407228e-11 	 2.319236871257315e-11
0.004521441441441442 	 2.171356601673749e-11 	 2.309087929101713e-11
0.004526426426426426 	 2.1714989205194532e-11 	 2.2989946264114857e-11
0.004531411411411412 	 2.1716408959249627e-11 	 2.2889565467525228e-11
0.0045363963963963964 	 2.1717825290229693e-11 	 2.2789733275125148e-11
0.004541381381381382 	 2.1719238209411874e-11 	 2.2690446088559113e-11
0.0045463663663663665 	 2.1720647728023845e-11 	 2.259170033699638e-11
0.004551351351351352 	 2.1722053857244146e-11 	 2.2493492476890643e-11
0.004556336336336337 	 2.172345660820235e-11 	 2.2395818991741763e-11
0.004561321321321321 	 2.172485599197938e-11 	 2.2298676391860037e-11
0.004566306306306307 	 2.1726252019607783e-11 	 2.2202061214132777e-11
0.004571291291291291 	 2.1727644702071993e-11 	 2.210597002179317e-11
0.004576276276276277 	 2.1729034050308573e-11 	 2.2010399404191258e-11
0.004581261261261261 	 2.1730420075206462e-11 	 2.191534597656736e-11
0.004586246246246247 	 2.1731802787607286e-11 	 2.1820806379827565e-11
0.0045912312312312315 	 2.173318219830557e-11 	 2.1726777280321486e-11
0.004596216216216216 	 2.1734558318049e-11 	 2.1633255369622046e-11
0.004601201201201202 	 2.1735931157538717e-11 	 2.1540237364307672e-11
0.004606186186186186 	 2.1737300727429522e-11 	 2.144772000574635e-11
0.004611171171171172 	 2.173866703833012e-11 	 2.1355700059881805e-11
0.004616156156156156 	 2.1740030100803424e-11 	 2.1264174317021912e-11
0.004621141141141142 	 2.1741389925366742e-11 	 2.117313959162902e-11
0.004626126126126126 	 2.1742746522492065e-11 	 2.1082592722112374e-11
0.004631111111111111 	 2.174409990260628e-11 	 2.0992530570622416e-11
0.0046360960960960965 	 2.174545007609146e-11 	 2.0902950022847252e-11
0.004641081081081081 	 2.1746943002822213e-11 	 2.0813855807333547e-11
0.004646066066066067 	 2.1748591857527052e-11 	 2.072524548464443e-11
0.004651051051051051 	 2.1750236870170258e-11 	 2.0637107422991766e-11
0.004656036036036037 	 2.1751878053097393e-11 	 2.0549438601329352e-11
0.004661021021021021 	 2.17535154186012e-11 	 2.046223602115011e-11
0.004666006006006006 	 2.175514897892188e-11 	 2.0375496706293885e-11
0.004670990990990991 	 2.1756778746247425e-11 	 2.0289217702757425e-11
0.004675975975975976 	 2.17584047327138e-11 	 2.0203396078505797e-11
0.0046809609609609615 	 2.1760026950405314e-11 	 2.0118028923285816e-11
0.004685945945945946 	 2.1761645411354825e-11 	 2.0033113348441395e-11
0.004690930930930932 	 2.1763260127544063e-11 	 1.994864648673022e-11
0.004695915915915916 	 2.1764871110903858e-11 	 1.9864625492142632e-11
0.004700900900900901 	 2.176647837331445e-11 	 1.9781047539721984e-11
0.004705885885885886 	 2.1768081926605764e-11 	 1.9697909825386738e-11
0.004710870870870871 	 2.1769681782557598e-11 	 1.961520956575428e-11
0.004715855855855856 	 2.1771277952899962e-11 	 1.9532943997966453e-11
0.004720840840840841 	 2.1772870449313347e-11 	 1.945111037951664e-11
0.0047258258258258265 	 2.1774459283428918e-11 	 1.9369705988078513e-11
0.004730810810810811 	 2.1776044466828855e-11 	 1.9288728121336534e-11
0.004735795795795796 	 2.177762601104654e-11 	 1.9208174096817817e-11
0.004740780780780781 	 2.1779203927566877e-11 	 1.912804125172576e-11
0.004745765765765766 	 2.1780778227826464e-11 	 1.904832694277528e-11
0.004750750750750751 	 2.1782348923213955e-11 	 1.896902854602935e-11
0.004755735735735736 	 2.1783916025070216e-11 	 1.8890143456737382e-11
0.004760720720720721 	 2.178547944532734e-11 	 1.8811669151072856e-11
0.004765705705705706 	 2.178701551059666e-11 	 1.873361776748873e-11
0.004770690690690691 	 2.1788548057720646e-11 	 1.865597186723435e-11
0.004775675675675676 	 2.1790077097721524e-11 	 1.8578728921679924e-11
0.004780660660660661 	 2.179160264157553e-11 	 1.8501886420587773e-11
0.004785645645645646 	 2.179312470021319e-11 	 1.842544187195942e-11
0.004790630630630631 	 2.1794643284519523e-11 	 1.83493928018843e-11
0.004795615615615616 	 2.1796158405334288e-11 	 1.8273736754389746e-11
0.004800600600600601 	 2.1797670073452217e-11 	 1.8198471291292456e-11
0.0048055855855855855 	 2.1799178299623283e-11 	 1.812359399205132e-11
0.004810570570570571 	 2.180068309455284e-11 	 1.804910245362151e-11
0.0048155555555555556 	 2.1802184468901976e-11 	 1.7974994290310194e-11
0.004820540540540541 	 2.1803682433287623e-11 	 1.7901267133633243e-11
0.004825525525525526 	 2.180517699828289e-11 	 1.7827918632173634e-11
0.004830510510510511 	 2.180666817441722e-11 	 1.7754946451440733e-11
0.004835495495495496 	 2.1808155972176616e-11 	 1.7682348273731354e-11
0.004840480480480481 	 2.1809640402003922e-11 	 1.7610121797991712e-11
0.004845465465465466 	 2.1811121474299e-11 	 1.7538264739680886e-11
0.0048504504504504505 	 2.181259919941892e-11 	 1.7466774830635456e-11
0.004855435435435436 	 2.1814073587678288e-11 	 1.7395649818935326e-11
0.0048604204204204205 	 2.1815544649349323e-11 	 1.7324887468770913e-11
0.004865405405405406 	 2.1817012394662197e-11 	 1.7254485560311535e-11
0.004870390390390391 	 2.1818476833805148e-11 	 1.7184441889574863e-11
0.004875375375375376 	 2.1819937976924807e-11 	 1.7114754268297748e-11
0.004880360360360361 	 2.182139583412631e-11 	 1.7045420523808166e-11
0.004885345345345345 	 2.1822988680126248e-11 	 1.6976444673922603e-11
0.004890330330330331 	 2.18247103576547e-11 	 1.6907824246193566e-11
0.0048953153153153154 	 2.1826428217691157e-11 	 1.6839551171991037e-11
0.004900300300300301 	 2.1828142271891418e-11 	 1.677162334049179e-11
0.0049052852852852855 	 2.182985253186387e-11 	 1.6704038655834678e-11
0.004910270270270271 	 2.1831559009169784e-11 	 1.6636795036999574e-11
0.004915255255255256 	 2.1833261715323524e-11 	 1.6569890417687363e-11
0.00492024024024024 	 2.1834960661792765e-11 	 1.6503322746200826e-11
0.004925225225225226 	 2.18366558599988e-11 	 1.6437089985326925e-11
0.00493021021021021 	 2.1838347321316704e-11 	 1.6371190112219977e-11
0.004935195195195196 	 2.184003505707558e-11 	 1.6305621118285802e-11
0.00494018018018018 	 2.1841719078558832e-11 	 1.6240381009067205e-11
0.004945165165165166 	 2.184339939700434e-11 	 1.6175467804130123e-11
0.0049501501501501505 	 2.1845076023604725e-11 	 1.6110879536951195e-11
0.004955135135135135 	 2.1846748969507594e-11 	 1.6046614254806024e-11
0.004960120120120121 	 2.1848418245815698e-11 	 1.598267001865853e-11
0.004965105105105105 	 2.1850083863587206e-11 	 1.59190449030515e-11
0.004970090090090091 	 2.1851745833835975e-11 	 1.5855736995997844e-11
0.004975075075075075 	 2.1853404167531637e-11 	 1.579274439887297e-11
0.004980060060060061 	 2.1855058875599965e-11 	 1.5730065226308113e-11
0.004985045045045045 	 2.185670996892301e-11 	 1.5667697606084677e-11
0.00499003003003003 	 2.1858357458339318e-11 	 1.560563967902935e-11
0.0049950150150150155 	 2.1860001354644188e-11 	 1.5543889598910333e-11
0.005 	 2.1861641668589878e-11 	 1.548244553233445e-11
